· 4050 
× 5311 
— 1036 
‘ 114 
’ 115 
“ 54 
” 57 
… 1135 
≥ 3462 
　 320 
、 200 
。 67 
《 235 
》 243 
一 143 221 273 275 297 341 389 396 507 559 570 572 660 661 666 695 697 771 831 872 914 975 1079 1080 1094 1095 1112 1131 1271 1276 1310 1378 1442 1508 1560 1561 1732 1862 1912 1913 1943 2052 2098 2099 2152 2164 2222 2257 2261 2303 2322 2324 2325 2375 2383 2424 2426 2483 2484 2500 2540 2544 2610 2746 2769 2772 2773 2774 2792 2793 2798 2802 2803 2851 2852 2857 2859 2902 2904 2992 2993 3000 3011 3029 3031 3033 3155 3174 3183 3185 3198 3212 3219 3226 3330 3331 3414 3415 3419 3420 3467 3478 3529 3610 3612 3613 3614 3635 3636 3646 3805 3890 3893 4077 4198 4272 4317 4365 4367 4571 4602 4603 4624 4642 4643 4644 4797 4798 4837 4930 4949 4955 4970 4980 5071 5073 5200 5273 5403 5420 5425 5426 5437 5474 5475 5492 5494 5512 5515 5671 5698 5702 5703 5734 5903 5923 5937 6065 6067 6078 6267 6300 6324 6350 6352 6386 6389 6395 6403 6414 6415 6416 6539 6667 6672 6914 6950 6977 6997 7142 7151 7286 7295 7401 7419 7459 7475 7623 7624 
丁 858 
七 4356 4651 4726 4727 5010 5011 5012 7120 
万 140 442 925 942 1068 2258 2265 2267 2268 2273 2275 2516 2675 3029 3030 3031 3032 3033 3063 3272 3278 3504 3756 4388 6377 6421 6604 7102 7104 7105 7256 7258 
三 1280 1462 1804 1945 1946 2190 2191 2192 2287 2431 2503 2617 2747 3184 3185 3220 3593 3594 3831 4123 4126 4707 5021 5071 5072 5349 5350 5635 5636 5737 5739 5740 5755 5756 6505 6517 6532 6601 7103 7104 7105 7294 7295 7345 
上 63 142 248 267 386 632 716 726 945 946 1225 1226 1227 1330 1368 1370 1637 1724 1726 1911 1913 2071 2402 2512 2804 2971 3159 3170 3326 3390 3474 3735 3850 3899 3929 3940 3941 4030 4398 4446 4845 4887 4968 5018 5382 5589 5958 6625 6697 6896 7017 7496 
下 64 92 152 390 460 680 773 1414 1911 1913 2180 2208 2512 3207 3726 4269 4323 4411 4606 4688 5155 5429 5577 6315 7286 7441 7582 
不 78 80 329 399 404 670 705 832 880 882 889 890 1059 1074 1167 1293 1295 1296 1301 1316 1317 1346 1448 1581 1583 1700 1828 1899 2005 2006 2346 2438 2439 2452 2453 2512 2861 2870 3057 3217 3327 3405 3484 3485 3525 3619 3900 4040 4293 4294 4586 4846 4847 4890 5015 5154 5395 5408 5438 5508 6076 6077 6264 6265 6341 6344 6345 6458 6552 6577 6886 6957 6959 7188 7285 7592 7594 7646 
与 419 504 509 1920 2720 2721 3824 3825 5709 6238 6245 6322 7186 
丑 7346 7347 
专 489 851 1108 1306 1863 3012 3274 3310 3926 3961 3962 4832 4864 5037 5805 6153 6209 6951 7167 7552 
且 121 1973 
世 1364 1366 1758 1801 2149 2247 2955 3259 3617 4557 4767 4844 4845 4871 4899 6125 6171 6183 6302 7405 
业 19 56 332 357 433 436 437 438 532 533 545 548 549 589 590 594 875 876 901 915 1047 1306 1632 1818 2353 2354 2420 2421 2422 2423 2718 2945 3079 3080 3119 3122 3123 3274 3296 3297 3307 3375 3449 3526 3862 3926 3951 3961 3981 4142 4181 4246 4266 4529 4762 4834 4884 5762 5781 5810 5811 5827 5831 6043 6106 6179 6318 6383 6412 6445 6448 6605 6671 6853 6871 6985 6986 7109 7309 7310 
东 1229 2127 2129 2182 2183 2394 2395 2412 3041 3043 3464 3570 3658 3659 3714 5128 5298 6312 6630 6976 7074 7147 7149 7344 
丝 4433 
两 273 274 275 657 685 698 979 1076 1078 1508 2427 2428 2481 2557 2666 2758 3134 3149 4805 5065 5186 5567 5801 6058 6514 6669 6670 6682 7103 7105 7225 7516 7518 7519 
严 24 82 1162 1191 1570 1658 1890 2147 4619 4720 5015 5165 5169 5932 6051 7034 7492 
丧 6008 
个 30 359 389 452 785 805 925 940 1280 1394 1400 1430 1431 1447 1862 2540 2631 2641 2666 2864 2941 3160 3614 3840 4462 4651 4904 4905 4907 4915 5148 5149 
中 338 365 539 602 788 814 816 961 1054 1087 1109 1141 1142 1207 1260 1318 1409 1411 1412 1727 1728 1737 1741 1755 1849 1922 1923 1940 1942 1984 2096 2181 2221 2277 2297 2360 2594 2595 2598 2599 2607 2661 2782 2913 2926 2946 3087 3164 3380 3386 3434 3443 3445 3493 3527 3561 3588 3842 3878 3958 3965 4060 4062 4140 4263 4333 4551 4560 4563 4648 4678 4893 4987 5230 5329 5331 5357 5367 5368 5637 5690 5811 6106 6152 6370 6567 6595 6600 6761 6766 6790 6915 6955 7106 7107 7108 7202 7203 7204 7390 7405 7515 
丰 2690 3472 3473 5411 7111 7372 
串 157 2857 2858 2859 3098 5112 7026 
临 164 2184 2236 2982 4059 4063 5159 5160 5234 5834 5835 6054 
丹 6155 
为 109 188 487 609 644 752 1077 1078 1099 1151 1485 1492 1538 1698 2396 2615 2652 2751 2753 2951 3027 3109 3190 3631 4029 4302 4306 4455 4473 4662 4991 5175 5264 5380 5549 5625 5750 6074 6159 6175 6216 6809 6829 7034 7050 7062 7063 7095 7301 7431 7647 
主 792 883 884 1627 1628 1629 1630 1731 1745 1746 1765 1766 1767 1771 1772 1777 2051 2776 2884 2885 3286 3531 4266 4679 4754 5469 5549 5678 5807 5808 6225 6249 6250 7471 7637 
丽 195 2501 2963 3090 5376 6834 
举 73 237 1364 1366 1593 1761 2122 2123 3638 4102 6453 6779 
乃 3544 7284 
久 1502 1503 1884 1885 4846 4847 5867 7300 
么 408 1097 1150 1151 1450 
义 1407 1635 1671 1766 1767 1994 2048 2049 2885 3261 4747 4756 6225 6748 
之 225 341 812 1115 1325 1355 1593 1635 2552 2638 2639 2905 2958 2962 3189 3191 3214 3356 3454 3457 3641 3726 3729 3760 4100 4106 4271 4272 4410 4783 4986 4995 5182 5382 5735 5736 5907 5989 6182 6265 6742 6766 6778 6846 7295 
乌 2069 2126 2201 6304 6839 
乎 1419 4294 6745 6747 
乏 3036 4898 
乐 11 187 222 223 884 1321 3103 4295 4296 5144 5215 5417 5626 5637 5661 6044 6045 6126 
乘 2663 3325 3326 6430 7411 
九 1128 1394 2080 2133 3771 3772 3775 3777 5606 5940 5941 6443 
也 369 3642 
习 2282 2288 3291 4141 6455 6456 6908 
乡 2359 3117 4240 4242 4355 6328 6369 7568 7569 7570 
书 1110 1361 1363 1425 1791 2283 2284 3349 4506 4789 4946 5727 5728 6132 6133 6589 7197 7213 7350 7493 
买 3708 
乱 961 1547 1664 2024 2027 2118 4552 6840 
了 261 352 613 1292 5491 6074 6690 
予 1608 2031 2033 3255 7042 
争 2124 2125 2463 2464 3907 4223 5381 5396 5571 7285 
事 218 285 286 700 910 1143 1144 1159 1254 1322 1632 1636 1637 1706 1707 1716 1818 2291 3169 3307 3748 3749 3826 3827 3828 3874 4052 4142 4626 4627 5135 5181 5209 5655 5686 5724 5725 5726 5800 5862 6016 6017 6019 6120 6405 6480 6621 6622 6823 7190 7210 7329 7348 7526 7586 
二 245 943 1117 1118 1944 2171 2172 3183 3184 3185 3692 3693 3694 3695 3696 3697 3698 3818 4469 4470 4595 4904 4905 5793 5794 7379 
于 35 76 193 322 362 397 510 737 860 917 944 1022 1453 1901 2166 2168 2253 2254 2326 2513 2640 3065 3066 3767 3768 3978 3995 3996 3998 4314 4324 4394 4582 5032 5033 5170 5583 5597 5836 5914 6035 6194 6239 6248 6263 6265 6365 6519 7567 
亏 96 97 
云 3095 4522 5652 5659 6333 7480 
互 3146 3410 3562 3563 3792 4210 4211 4212 4216 4517 4518 6441 6893 6940 6943 
五 598 599 2474 2475 2476 3245 3604 3716 3773 3774 3776 3777 5273 5284 5286 6673 
井 5236 5237 6370 
亚 4441 4442 5106 5495 5496 5919 5921 5922 6135 6154 6513 6931 6933 7148 7149 
些 396 468 1242 1250 
亡 4706 6573 
交 306 461 561 563 664 665 1770 2108 2499 2520 2521 2564 2723 3629 3630 3854 4475 4739 4743 4745 5009 5143 5144 5156 5191 5423 5569 5570 5820 6165 6188 6582 6583 7032 
亦 39 7247 7620 
产 523 524 532 533 560 1753 1754 1755 2839 2865 3375 3526 3572 3573 3586 3829 3848 3981 4179 5579 5580 6418 6445 6479 6858 7109 7593 7594 
亨 3549 
亩 6372 
享 3281 3292 3311 4510 5205 
京 1041 1043 2394 2395 2458 3591 3592 4850 5858 7172 7173 7520 7521 7522 7539 7540 
亭 5863 
亮 1439 1440 3090 4056 5536 
亲 427 2105 2285 2338 4876 5200 6452 7187 
人 1 2 61 113 139 177 215 270 378 392 418 445 544 545 612 689 715 746 799 1013 1086 1335 1482 1483 1736 1738 1741 1792 1816 1838 1849 1895 1897 1898 1956 2132 2252 2269 2465 2466 2467 2504 2557 2675 2717 2723 2864 2872 3063 3127 3128 3129 3173 3274 3297 3548 3684 3685 3737 3754 3784 3859 3860 3861 3864 3925 3961 3965 4049 4107 4309 4317 4526 4528 4530 4531 4532 4589 4612 4697 4760 4766 4776 4777 4833 4834 4875 4915 4920 4938 4944 5247 5357 5368 5433 5521 5575 5576 5577 5741 5743 5827 5861 5868 5935 5991 5992 5993 6007 6056 6151 6207 6220 6221 6359 6368 6450 6499 6500 6502 6544 6545 6921 6956 6957 6975 7060 7062 7063 7117 7179 7227 7434 7444 7477 7549 7599 7607 7609 
亿 95 2250 2252 2273 2274 2275 2505 3054 4544 5803 5804 
什 1150 1151 1450 
仁 992 6220 6221 7523 
仃 2744 2745 
仅 40 1059 3158 4018 
仇 7303 
今 207 1192 1193 1194 2074 2339 2373 3215 3498 4533 5281 6130 6991 
介 260 635 694 3880 5367 5368 6519 
仍 102 3406 4459 4476 4661 7253 
从 349 700 1352 1578 1580 3296 3297 3561 3787 5089 5154 5629 7330 7515 
仔 4610 4611 
他 75 403 1013 1480 5935 6447 
付 1487 1488 1640 5788 5973 
代 739 803 804 1063 1064 1253 1396 2098 2099 2886 2887 2891 3674 3861 4077 4198 4767 4794 4900 5060 5436 5590 6218 6383 7070 7286 7290 
令 3684 3685 4445 6137 7066 
以 47 146 407 568 680 716 827 836 890 1190 1191 1503 1613 1649 2543 2573 3699 4288 4308 4461 4596 5101 5842 5928 5934 5957 6570 6867 6952 7488 
仪 478 1779 3279 3280 5677 6882 7343 7432 
们 403 907 1145 1264 7434 
仲 1003 3844 6400 7328 
件 79 80 968 1068 1259 1276 2290 2684 4185 4186 4187 4626 4627 5766 6354 6356 6703 7455 
价 456 1244 1336 4107 7251 
任 124 1304 1464 1475 1498 1551 1679 1707 1731 1974 2959 3391 3393 4523 4686 4774 4789 4807 6010 6131 6780 6874 6900 6901 6947 
份 1329 2500 3705 3716 5283 
仿 5936 
企 357 545 2945 3981 4246 4762 5810 5811 6448 
伍 1535 7373 
伐 2300 
休 3102 5040 6804 
众 1019 1650 1721 1835 2134 2135 4143 4761 5515 7610 7611 
优 158 575 1947 2626 2877 3282 3314 3316 3554 3563 4535 4795 4988 5220 6167 6185 6433 7364 7395 
伙 3172 3173 4038 4969 6634 6635 6636 
会 60 74 247 257 259 272 301 303 304 395 475 476 637 1120 1397 1399 1501 1528 1544 1545 1697 1719 1730 1763 1774 1775 1996 2090 2103 2209 2346 2472 2720 2721 2884 2885 3256 3475 3632 3690 3691 3715 3740 3742 3769 3916 3929 4064 4069 4070 4072 4143 4500 4548 4662 4723 4725 4728 4731 4732 4885 4924 5190 5191 5218 5352 5362 5363 5409 5626 5688 5722 5723 5745 6006 6007 6059 6107 6142 6184 6195 6203 6727 6737 6802 6803 6822 6982 6985 6986 6989 7163 7164 7169 7180 7190 7231 7253 7289 7299 7403 7404 7528 7529 7569 7570 7606 
伞 6811 
伟 70 117 2233 2234 3548 4108 4822 5196 5224 5754 6098 6179 6259 6260 6507 6535 7121 7467 
传 663 1218 2093 2094 2988 4078 5348 5466 5467 5468 5534 5601 6082 6083 6085 6118 6358 6720 7244 7396 7398 7423 7424 7458 
伤 1091 3450 3451 
伦 1522 5231 5374 5375 
估 130 2824 
伴 2565 4038 4969 6687 
伶 2744 2745 
伸 2771 
似 3807 3808 3838 
但 45 4873 
位 322 360 384 807 926 2442 2643 2678 3307 4243 4244 4465 4466 4467 4514 4707 4852 4881 4891 4895 4896 5071 5192 5216 5400 5520 5678 5965 6009 6149 6157 6250 6434 6539 6555 6949 6987 7097 7238 
低 3903 4300 4376 4380 4384 4394 6555 6572 6844 
住 459 474 476 896 897 1266 1267 1316 1317 3116 3319 3320 4237 4258 4283 4301 4993 6052 7536 
体 161 448 647 701 704 717 749 1089 1195 1262 1265 1916 2051 2278 2423 2518 2611 2792 2793 2810 3101 3222 3256 3344 3724 3780 3781 3782 3809 3810 3856 3891 4054 4201 4202 4230 4669 4670 4784 4785 4859 4934 5071 5470 5745 5808 6199 6200 6336 6337 6756 6833 7361 7497 
何 124 385 990 2387 3857 4501 5750 6738 7467 
余 668 669 670 2141 2142 2143 3647 3648 3649 5247 5546 5951 6207 6507 7311 7538 
佛 2327 2645 2670 
作 123 188 264 430 607 1897 1898 1928 2718 3193 3567 3720 3744 3994 4037 4055 4690 4951 4969 5068 5069 5109 5153 5455 5482 5483 5484 5602 5640 5641 5691 5697 5720 5721 5847 5964 5986 5990 5999 6207 6311 6605 6863 6903 7138 7362 7363 7391 7409 
你 5142 
佣 5173 5174 5179 
佳 496 6805 6807 
使 99 1282 1495 1678 3138 4103 4573 
例 241 312 634 878 879 933 935 938 2433 2902 2903 2904 3318 3675 4306 4473 4596 6453 6522 6873 6965 7095 7139 
侍 6859 
供 358 1132 3044 3917 4208 4209 4226 4407 5954 
依 315 1704 1962 3257 3411 3509 3852 4639 
侦 7430 
侧 4227 6644 6891 
侨 6104 6105 
侵 3626 
便 2546 2561 3232 6028 6952 7642 7646 7648 
促 2045 4103 4500 5416 
俊 991 2104 7542 
俗 1048 4890 5587 5588 
保 55 521 556 558 708 1060 1166 1685 1882 2084 2086 3305 3451 3452 3539 3836 4189 4230 4236 5551 5806 5819 6811 6925 6926 7316 7499 7577 7578 7600 7605 7606 
俞 5955 
信 316 513 1304 1842 1843 1880 2372 3202 4146 4199 4334 4568 4998 5877 6231 7425 
修 240 1182 1427 2167 2790 3535 4596 4886 6525 6526 6655 6873 7182 7201 
俯 3088 
俱 2425 2426 6238 7186 
倍 5772 5903 
候 1181 2658 3014 4002 4282 4328 
借 1161 1217 1274 1289 1294 1762 1763 4553 6501 6502 6795 7537 
倡 4092 
倩 2315 
倪 1732 
债 2871 2872 3783 3784 3815 3816 3975 3983 4158 6503 6510 
值 456 921 922 1244 1513 2824 4098 4107 4397 4439 5369 5370 6914 
倾 5517 
假 12 13 5274 6795 6858 6993 6994 7265 
偏 4376 6706 
偕 1004 
做 1188 1569 4515 4769 5399 6020 6384 7281 
停 4580 5093 5831 7478 
健 1696 3991 3992 6551 7181 
偿 3841 6870 
傅 6205 
傍 6027 
储 5749 
催 5577 
像 72 3329 6341 7421 7422 7448 7452 
僖 4114 
僵 3985 
儆 5934 
儿 2841 3091 3093 4701 4958 4959 5522 
允 3853 
元 94 95 442 1213 1359 1360 1871 1872 2274 2275 2506 4184 4186 4348 4388 4543 4544 5809 6377 7101 7102 
充 1499 1515 2013 2688 2713 3725 3731 3782 4174 4567 4568 6488 
兆 5454 6805 6806 
先 252 1733 2062 2063 2433 2446 2480 2730 2731 3249 3963 4372 5202 5896 6031 6062 7436 
光 164 653 671 1723 1975 2407 2582 4971 5849 5850 6217 
克 4118 5486 5487 5488 6223 6224 6225 
免 690 3100 3687 4478 4989 4994 5395 5764 5780 7437 7633 
兑 7259 
党 1754 1755 2297 2455 4099 6712 6714 
入 89 90 91 107 138 249 374 428 470 658 782 896 897 936 1385 1534 1689 2170 2279 2403 2405 2492 2596 2822 2861 3003 3084 3248 4011 4012 4095 4358 4384 4401 4545 4616 5353 5354 6025 7275 7279 7664 
全 53 88 91 189 400 482 837 845 1198 1540 1588 1857 1910 1932 1933 2030 2131 2425 2426 2467 2526 2536 2620 2779 2856 3130 3299 3518 3836 3933 3990 3991 3992 4044 4090 4244 4313 4347 4784 4785 4871 4989 5714 5745 6007 6093 6476 6523 6610 6756 6884 
八 2156 2456 3621 3625 3746 4355 4982 4983 5276 
公 15 269 270 557 558 1018 1019 1152 1327 1328 1853 1854 1855 1867 1993 2046 2049 2264 2266 2267 2364 2575 2577 2578 2909 2916 3092 3093 3175 3815 3816 4080 4083 4142 4143 4170 4171 4222 4325 4671 4742 4745 4992 5333 5383 5385 5683 6165 6894 7084 7232 7402 7403 7404 7440 7595 7596 
六 2157 2158 2159 5828 7076 7077 
兰 995 5105 
共 354 774 1739 1740 1741 1752 1753 1754 1755 2181 2811 3147 3175 3281 3481 3706 3965 4510 4511 4680 5448 5588 5768 5937 5996 6115 6200 6240 6245 7194 7232 7407 7635 
关 36 268 311 740 742 1453 2002 2028 2029 2429 2430 2454 2897 3269 3301 3966 4042 4144 4188 4387 5035 5293 5295 5302 5303 5315 5642 5704 5712 5813 5814 5830 5879 6173 6197 6198 6248 6707 6716 7232 7298 7329 7391 7561 
兴 471 472 473 531 533 2009 2707 4109 4241 4345 6332 
其 365 593 860 958 1445 1480 1564 1599 2947 4597 5160 5684 5685 5709 5935 5951 6137 6815 
具 214 1669 2416 2447 2462 2764 2765 3856 5424 5426 5449 6695 
典 2478 2479 2737 5067 5068 5069 
兹 5613 
养 1380 1381 1834 3448 4531 4532 5991 6213 
兼 3537 3538 5622 6734 6735 
兽 4820 
冀 3592 
内 276 398 410 793 1047 1312 1313 1314 1484 1690 1798 1938 2356 2366 2367 2573 2696 3342 3398 3760 3873 3938 3939 4270 4831 4833 4834 4962 5825 7064 
册 1257 3266 3268 3821 7196 7217 
再 305 2075 4586 4999 5277 5892 
写 2216 3523 5691 5968 6589 6651 
军 2185 3623 3624 3625 4748 6788 7375 7376 7377 
农 2155 5754 6318 6375 6383 7122 7131 7140 
冠 26 675 677 812 873 933 956 4031 5947 6022 
冬 6463 
冯 4649 6485 
冰 2879 4912 
冲 1539 5844 
决 2003 2042 4339 4620 4922 
况 402 4655 
冷 728 
净 97 1667 6732 
凄 5653 
准 966 1307 1404 1559 3384 3555 4336 4392 4880 6181 
减 895 4304 5258 5764 6572 7025 
凑 1231 
凝 3139 4073 
几 1173 1415 1417 1419 1429 1431 2833 4462 4823 6437 
凡 1909 
凤 2091 5607 7354 7356 
凭 1245 4492 4553 5255 7604 
凯 3662 5913 6998 
凰 7354 7356 
凸 6172 
出 123 176 256 295 381 577 622 724 779 780 835 849 1034 1088 1130 1168 1247 1256 1288 1289 1569 1577 1640 1675 2043 2120 2256 2350 2351 2499 2638 2662 2682 2976 3007 3193 3197 3337 3455 3471 3600 3601 3634 3984 4011 4012 4094 4124 4125 4126 4422 4437 4438 4463 4523 4542 4945 5058 5066 5121 5123 5336 5604 5774 5853 5869 5895 5944 5990 6243 7123 7211 7453 7464 7465 7561 
击 83 1539 2078 2079 2194 3387 6156 7033 
刀 1149 
分 515 516 687 898 899 900 962 980 1395 1499 1515 2011 2013 2209 2255 2408 2788 2852 3051 3730 3731 3780 3782 4039 4040 4172 4174 4385 5205 5333 6000 6357 6487 6488 6516 7050 7096 7099 7188 7194 7218 7239 7294 7295 
切 129 494 3301 4257 4289 5167 5265 5353 5354 5712 6574 6792 
刊 4569 4672 
刑 1023 1706 1707 2147 5930 7025 
划 175 600 1577 2449 3791 4093 5765 6662 7161 
列 388 2102 2170 2279 2484 2818 3529 3530 4578 4812 4891 5101 5264 7106 
刘 2178 2234 3665 5632 6166 6805 6847 
则 149 1491 3204 3850 4392 5045 5046 7384 
刚 5272 6094 
创 64 104 332 480 505 618 627 905 924 1116 1331 1424 2038 2056 2361 2614 2618 3123 3237 3327 3560 3935 3964 4180 4835 4862 4943 4944 5109 5120 5277 5469 5980 6099 6252 7183 
初 343 415 627 1029 1939 1942 2162 2764 2765 3254 5689 6123 6129 6130 6444 6868 7588 
删 3673 
判 852 1023 3830 3858 4615 4620 5906 5928 5942 7021 7022 
利 78 80 651 865 869 1532 1557 1902 1903 2507 2508 2561 2821 3146 3151 3191 3232 3766 3767 3768 4231 4518 5918 5919 5920 5921 5922 6154 6487 6488 6749 7497 
别 980 1055 1058 1848 1851 1961 3840 3965 4400 4703 4704 4938 5424 5426 6150 6165 6457 6475 
到 81 186 353 355 382 887 1071 1074 1105 1241 2010 2065 2337 2996 2997 3489 3494 3627 4769 4972 5090 5840 5866 6107 6711 6949 6970 7145 7458 
制 238 620 955 1199 1508 1542 2357 2358 2428 2695 2810 2942 2943 3020 3150 3401 3533 4055 4111 4112 4115 4181 4456 5796 5797 5890 6001 6046 6081 6567 6864 6974 7245 
刷 2534 
券 4158 4160 6510 7257 
刺 5151 
刻 1339 5430 5432 6077 6078 6300 6547 6715 6716 7535 
剂 685 776 4837 6022 
前 183 258 324 466 877 878 879 1115 1461 1661 1870 1891 2220 2307 2451 2491 2543 2818 3026 3378 3656 4034 4035 4268 4847 4878 5287 5342 5453 5562 5619 5761 6446 7408 7513 7514 7598 
剑 2547 
剖 7054 
剧 4139 4140 5158 5451 5458 5459 5462 5477 5478 5482 5484 5544 5582 5603 
剩 5155 
副 1323 2947 5222 5223 5726 6097 6146 6389 6674 7180 7388 
割 2788 6792 7188 
劈 3655 
力 108 595 596 669 670 828 830 837 916 917 1493 1634 1642 1648 1914 2001 2041 2318 2321 2386 2464 2494 2579 2614 2681 2724 2880 2954 2989 3165 3404 3569 3573 3597 3598 3652 3706 3839 3942 3943 4044 4177 4223 4519 4607 4609 4627 4827 4967 5095 5097 5116 5120 5147 5516 5517 5572 5574 5716 5717 5846 5847 6040 6041 6419 6529 6530 6552 6797 7068 7118 7227 7599 7643 
办 1157 1447 1761 1771 1772 1780 1847 1853 1855 1856 2292 2340 3826 3828 3874 3950 3955 4083 5208 5252 5253 5678 5980 7522 7551 7584 
功 1949 5095 5372 6247 7097 7288 7301 7308 7310 7400 
加 105 106 107 586 658 720 721 791 921 922 2509 2510 2603 2604 2830 3056 3057 3413 3432 3474 3568 4497 4919 5018 5024 5744 5751 6533 6613 7229 7237 
务 43 285 286 433 566 1322 1327 1328 1781 1953 1954 2871 2872 3169 3176 3391 3393 3707 3816 3871 3878 3983 4260 4261 4338 4574 4598 4599 4687 4884 5166 5182 5209 5300 5326 6096 6097 6120 6185 6728 7572 7583 
劣 4280 4281 6763 
动 126 608 633 643 1177 1627 2140 2301 2494 2606 2689 2895 3532 3574 3598 3814 3989 4216 4353 4552 4917 4947 5009 5787 6111 6314 6512 6586 6702 6721 6722 6773 6848 6911 6953 7261 7592 7593 7594 7637 
助 615 619 912 1248 3004 3995 3996 4177 4214 5757 5758 6482 6830 7351 7352 7554 
努 1642 3706 4519 5102 6552 
劫 6794 
励 417 1837 3644 6177 
劲 2697 4997 6640 
劳 650 1436 6586 6649 6848 
劵 5777 
势 575 2498 3325 3326 3416 3418 3563 3999 4275 4534 5235 5716 5717 6461 6467 7137 7532 7533 7537 
勃 2714 2716 4825 6103 
勇 1901 2121 2123 4926 5008 
勉 6177 
勋 2923 
勒 3334 4628 4631 
募 626 
勤 3453 4693 6649 
勾 3334 
包 308 1989 5292 6996 
化 429 631 1129 1412 1600 1667 1688 1770 1872 2004 2217 2332 2333 2334 2445 2793 2877 2887 2892 3115 3222 3232 3743 3765 3902 3990 4175 4176 4678 4931 4932 5125 5440 5580 5904 7659 
北 1041 1043 2755 3571 3899 4850 4901 5302 5303 6564 7540 
匠 6338 6691 
匮 3036 
匹 7334 
区 13 228 229 280 282 283 287 335 410 486 738 841 969 1056 1057 1058 1129 1545 1687 1784 1848 1851 1961 2213 2313 2430 2442 2550 2551 2574 2639 2659 2660 2725 2837 2850 2863 3108 3460 3477 3576 3590 3763 3936 3965 3970 4037 4286 4395 4442 4611 4648 4808 4835 4902 5176 5303 5307 5309 5355 5404 5405 6165 6281 6308 6450 6513 6591 6925 6926 7095 7241 7552 7607 
医 730 732 2352 2354 2937 3008 3055 3071 3075 3077 3304 3959 4014 4525 6144 6534 6542 6543 6545 6969 7107 7108 7577 
十 597 599 1415 1416 1417 2141 2143 2157 2159 2222 2280 2456 3692 3693 3695 3696 3697 3698 3772 3773 3775 3776 3777 4123 4124 4126 4385 4641 4642 4643 4644 4894 4895 4896 5000 5073 6000 6639 6640 7438 7439 
千 571 572 2215 2308 2748 3110 3504 6201 
升 170 945 946 1951 3241 3263 3377 4468 4484 4489 5076 5753 7342 7343 
午 773 3735 
卉 6331 
半 485 1281 3160 3940 3941 4200 4202 4624 7608 
华 195 226 227 1107 1342 1737 1738 1741 1790 2096 2951 3132 3394 3626 3965 4677 4678 4817 5076 5188 5193 5454 5729 6212 6319 6464 7223 7270 7271 7272 7306 7307 7340 7344 
协 619 679 2219 2679 3967 4089 4090 4792 5602 5656 5658 6142 6678 6985 6986 7246 7406 
卓 987 
单 807 1002 3307 4087 4588 5278 5408 5678 7260 
卖 6345 
南 2539 2698 2699 2700 2928 2929 3112 3115 3588 3589 3590 3595 4249 4250 5652 7147 7148 7149 7172 7173 
博 1025 1026 1042 1043 1075 1348 2836 2847 4848 6562 6563 
占 483 2914 2915 
卡 3104 3382 3452 
卢 1408 6990 7380 
卧 2750 3502 
卫 621 927 928 930 2084 2085 2086 2401 3678 4362 4487 4525 6047 6048 6551 7355 7356 
印 753 2860 4153 5430 5431 5432 5782 5783 6403 7616 
危 6810 
即 99 1033 3837 4579 5262 5266 5790 
却 1206 
卷 2502 
厂 327 328 6934 6935 7143 
厅 4015 4083 7041 
历 65 810 1062 1063 1064 1833 2155 2434 4122 6138 6235 6452 7029 7175 7207 7208 
厉 5165 
压 3404 6852 
厘 6781 
厚 829 830 1934 2032 2033 4501 5220 6160 7111 
原 363 751 1171 1379 1382 1491 1712 2613 3850 5896 7021 7022 
厦 3796 3798 5263 
去 871 1044 1226 1227 2890 3500 3601 4585 4605 5490 
县 6278 6306 6310 
参 419 504 713 714 720 721 806 1082 1384 1463 4750 4751 5218 5245 5246 6322 7437 7605 
又 2759 7154 
及 131 629 836 981 1237 1564 1665 1867 1941 2961 3018 3978 4595 5129 5157 5648 5838 6134 6154 
友 462 1802 6393 6820 7341 
双 618 3703 3718 4032 4465 4467 5359 6196 6198 6650 7658 7662 7663 
反 167 348 787 961 1017 1702 1995 2026 2027 3920 4647 4979 5554 7061 
发 376 512 596 794 817 857 982 1311 1314 1421 1439 1440 1955 1956 1957 1959 2140 2204 2318 2398 2630 2662 2729 2975 2976 3346 3417 3418 3634 3730 3731 3868 3869 3870 3875 3876 3877 4105 4152 4153 4165 4166 4334 4758 4788 4829 5168 5260 5510 5573 5574 5648 5878 6266 6332 6427 6442 6446 6467 6486 6498 6500 6503 6569 6718 7056 7138 7231 7254 7326 7533 
取 1617 1618 1708 2708 3070 3347 3674 3907 4046 4134 4635 5463 5464 5597 6379 6773 6861 7400 7587 
受 81 344 649 873 1372 2111 2146 2240 2242 2825 3292 3683 4459 5945 6700 6850 6852 7035 7610 7611 7628 
变 52 103 1437 1688 3190 3408 4369 4371 5162 6256 6936 7168 7507 7508 7509 
叛 5554 
叠 2830 
口 707 735 1146 1168 2244 2269 2404 2405 3546 3547 3608 3886 4422 4424 4425 4438 4447 4448 4463 4697 5827 6395 7226 7597 
古 1396 3496 6918 6919 
句 2375 
另 553 1094 1095 5098 6997 
只 775 885 1350 2991 4826 
叫 1344 
召 3700 6055 6056 
可 317 463 568 1132 1581 1583 1646 1682 1710 3642 4019 4026 4039 4040 4463 4582 4806 4911 4912 5317 5392 5395 5692 5790 6062 6068 6886 7066 7188 7580 7620 7649 
台 205 421 422 562 563 665 764 1428 1687 1781 2682 2955 3096 3176 3239 3277 3278 4524 5204 5242 5243 5472 5527 6116 6472 7059 7459 7470 7618 
史 65 879 1694 2061 2200 2204 5962 6235 7175 7206 7207 7208 
右 2542 
号 1416 1417 2228 3385 3676 4147 5635 5636 6615 7425 
司 557 558 1481 1483 1785 1886 2364 3739 3815 3816 3966 4170 4171 4261 4538 4554 5333 
叹 6423 
吁 370 4477 
吃 4311 6346 6637 6638 
各 588 589 590 973 1478 1500 1501 1792 1937 2641 2906 3203 3409 3480 4556 4557 5113 5114 5176 5965 6889 6890 7226 7435 
合 211 239 383 494 574 607 640 1208 1607 1844 1856 2362 2681 2970 3172 3173 3226 3720 3918 3972 3973 4037 4043 4330 4336 4363 4869 4936 4969 5445 5446 5447 5524 5525 5722 5723 5766 5847 5871 5873 5959 5964 5996 6124 6133 6187 6285 6336 6337 6745 6747 6942 6943 7083 7098 7133 7134 7409 7527 7558 7559 7658 
吊 2584 6695 6698 
同 58 180 832 910 923 1398 1813 2211 2295 2615 2629 2679 2862 3021 3022 3312 3481 3605 3609 3613 3614 3706 3825 4310 4323 4395 4605 4874 4888 5028 5183 5203 5204 5206 5217 5420 5489 5682 5698 5946 6032 6052 6184 6199 6200 6240 6261 6877 6878 6879 7045 7249 7568 7570 
名 111 942 979 1365 1366 1744 1746 1994 2064 2177 2656 2845 2901 2919 2921 2947 3032 3033 3534 4087 4148 4571 5052 5347 5489 5639 5689 5992 5993 6742 6917 6919 6997 7028 7311 7519 
后 166 247 686 958 1325 1575 1838 2193 2199 2230 2339 2382 2457 2480 3459 3715 4693 4794 4995 5026 5169 5287 5377 5527 6064 6570 7002 7016 7280 7498 
吐 2245 2246 
向 302 1800 2237 2302 2482 2490 2491 3258 3259 3429 3559 3651 3656 4046 5359 5950 5967 6119 6171 6868 6967 7001 7530 
吓 5929 
吕 5625 6143 7340 
吗 6349 
君 4071 4097 
吞 2245 2246 
否 2898 5406 
吨 2250 2258 
含 3261 5556 6979 
听 4635 
启 643 3482 3633 4440 4801 5038 5558 6094 6486 
吴 977 996 1029 1107 5334 7090 7661 
吸 162 4711 4712 4791 6041 
吹 3383 6767 6768 
吾 3640 5701 
呈 3336 3337 5042 5479 
告 135 337 972 1406 5379 6875 
呐 3637 
员 53 60 113 125 270 288 1328 1476 1477 1483 1729 1730 1898 3297 3369 3925 4714 4741 4744 4745 4785 4792 5087 5088 5529 5824 6165 6359 6368 6545 6712 6714 6953 7246 
呢 1153 
周 267 1756 2998 3576 3879 4597 4726 4727 5282 5668 6110 7506 
味 5232 5233 5662 6397 6688 
呼 370 1088 1347 1504 2638 4477 4711 4712 
命 1282 1678 1735 2063 3045 3046 3628 
和 217 1739 1740 1741 1815 2050 2286 2418 3812 3965 4132 5628 5629 6127 6392 6495 6607 
咨 4666 
咳 6966 
品 1039 1373 1928 2827 2839 4094 4417 4630 4633 5069 5153 5226 5227 5697 5874 6167 6798 6799 6800 6995 7128 7129 
响 348 1549 1550 2579 3383 3607 5143 5144 
哪 4984 
哲 5557 5670 
唐 1358 1360 4939 4955 4980 
唤 5680 
售 5972 
唯 5403 
唱 3607 3609 6112 6114 
商 548 549 1164 2878 3250 3719 3747 3748 3749 3753 3871 3872 3967 4010 4064 4414 4417 4550 4676 5300 5326 5763 5976 7407 7529 
啸 7058 
啼 3507 
善 236 617 1681 3540 4443 6239 6393 
喊 3637 
喜 2560 4937 
喷 5236 5237 
嗽 6966 
嘉 796 1718 2554 4787 5231 5625 5912 7007 
嘱 3201 
器 1219 2586 2604 3279 3280 4184 4185 4186 5630 7477 7481 
囊 808 
囚 5910 
四 597 598 599 785 1563 1950 2397 3245 3351 3680 3752 4729 4981 4983 5591 5593 6157 
回 170 745 913 1156 2054 2337 2348 2436 2437 4482 5256 5857 6226 6268 6684 6726 7020 7457 7462 7463 
因 736 1099 1171 1686 3793 4455 4612 4622 4708 5004 5795 5797 5908 7044 7063 
团 46 717 804 853 2053 2089 2635 2651 3192 3599 4638 5064 5099 5246 5332 5417 5638 6833 7494 
囧 6689 
园 11 160 834 844 884 1845 3005 3006 3092 3093 3935 3936 4959 5023 6335 6719 7084 7339 
困 3982 3987 4460 5791 6305 6306 
围 822 1796 1797 3803 3804 4351 4691 
固 3686 5415 6234 6946 
国 291 292 293 309 310 375 540 579 580 621 988 1032 1054 1066 1140 1318 1319 1354 1508 1607 1630 1638 1740 1741 1750 1752 1755 1765 1767 1910 1953 1954 2085 2086 2174 2212 2329 2348 2356 2367 2437 2445 2465 2467 2511 2536 2815 2926 3409 3621 3622 3624 3625 3641 3965 4088 4090 4131 4152 4156 4363 4534 4558 4565 4649 4733 4782 4893 5117 5118 5196 5224 5290 5331 5357 5512 5681 5734 6007 6093 6116 6120 6124 6128 6133 6150 6152 6161 6178 6188 6222 6411 6563 6880 6881 6912 6948 6995 7079 7083 7146 7298 7378 
图 321 334 1234 1369 1370 1425 1717 2293 2388 2402 3165 3426 3427 4590 5954 6260 6618 
圆 1860 1861 3124 
圈 2524 2636 4836 
土 1125 1127 1134 1319 2316 2980 3015 3139 4353 5450 6289 6290 6732 
在 29 299 603 1239 1420 1484 1558 2023 2163 2328 2387 2640 2897 2946 3446 3460 3543 3823 3832 4130 4844 4845 4877 5816 5817 5818 5905 6248 6896 6973 7122 7136 7250 7296 7557 
地 155 190 398 411 616 657 838 841 1053 1100 1134 1186 1187 1234 1687 1692 2227 2238 2287 2379 2532 2592 2612 2747 2837 2911 2914 2915 3078 3125 3214 3221 3253 3290 3358 3468 3470 3511 3526 3575 3576 3587 3590 3821 3823 3931 4442 4556 4557 4713 5041 5130 5400 5407 5532 5533 6149 6250 6265 6360 6361 6417 6434 6479 6494 6513 6558 6778 7039 7040 7046 7052 7057 7070 7084 7171 7555 7556 7644 
圳 323 2311 2378 2591 2863 3911 
场 138 156 209 221 733 1299 1377 1874 2210 2314 3144 3238 3253 4010 4017 4119 4234 4652 5158 5207 5289 5291 5325 5807 5808 5823 5905 6012 6044 6045 6090 6510 6532 6659 7045 7064 
址 2169 2176 6727 
均 177 432 850 3050 5279 5851 5852 6633 
坊 5738 5740 
坏 1525 
坐 2440 2663 5031 5033 
块 1131 
坚 1512 1841 1843 2034 2082 3202 3458 3485 4183 4502 4998 5080 
坛 4849 
坡 2165 
坦 757 758 5122 
坪 5700 
垂 3251 
型 674 1027 1215 1376 2809 3376 3560 4191 4207 4843 6615 
埃 5102 5103 5497 
城 192 412 1092 1093 1243 1244 2304 2583 2664 2965 3085 3111 4219 4239 4242 5212 5213 5214 6421 7161 7385 7386 7387 7663 
埔 2797 
埗 4248 
域 969 1621 4037 5901 6646 7644 
培 1789 1790 1834 2814 3293 3455 4532 5230 5699 5991 6104 
基 76 616 754 755 756 757 758 1468 1470 1471 1616 1625 1773 1774 1775 3526 4178 4233 4274 4444 4957 5805 6477 6478 7176 
堂 1719 3492 5229 6906 7273 
堡 192 
塑 7460 7461 
塔 2584 2776 6694 
境 646 1338 1689 2621 3313 3987 4012 4281 5123 5160 5631 6579 7641 
墙 1211 
增 105 107 181 922 932 1769 2097 3751 3971 4449 4458 4497 4818 5050 5369 5370 6376 7229 
墨 1391 
墩 2770 6693 
壤 3015 
士 10 746 1348 1757 1792 2070 2150 2927 3274 4834 5496 5993 6221 
壮 2122 2123 4203 
声 1466 1504 3635 3636 4758 5628 5629 6091 6095 6406 6718 
壳 7052 
壹 5339 
处 35 172 592 838 1846 2023 2164 2173 2775 3158 3454 3701 3874 3923 4599 4600 4897 5209 6132 6133 7233 7267 7619 
备 250 501 1404 2240 2242 2447 2589 2590 2687 3721 3722 4815 5002 5749 5784 6734 6735 6863 
复 244 747 911 1199 4109 4482 4979 6039 6072 
夏 4350 
夕 2220 
外 553 767 801 1010 1045 1066 1073 1161 1216 2366 2367 2408 2621 2903 2904 3883 3896 3939 3997 4161 4162 4288 4293 4294 4341 4471 4481 4713 4739 4743 4745 5172 5179 6165 6504 6827 6909 6910 6911 7146 7449 7450 7451 
多 262 362 447 611 612 805 1083 1098 1270 1349 1871 1872 2015 2016 2017 2064 2132 2210 2268 2540 2791 3030 3031 3032 3033 3047 3067 3078 3181 3219 3271 3272 3277 3278 3487 3499 3512 3705 3918 3945 3971 4027 4028 4190 4206 4411 4632 4761 5216 5470 5610 5611 5673 5832 5853 5917 5918 5920 5921 5922 6034 6374 6377 6854 6938 7100 7101 7102 7110 7255 7256 7371 7372 7433 7438 7439 7517 7518 7519 
夜 947 2400 3084 4290 
够 1277 3178 
大 342 377 423 435 734 786 847 894 1050 1051 1085 1169 1179 1270 1376 1496 1650 1670 1671 1720 1764 1873 1896 1974 2014 2016 2017 2081 2087 2233 2234 2291 2310 2385 2397 2439 2457 2466 2467 2472 2493 2507 2508 2510 2617 2699 2700 2752 2753 2828 2894 2919 2921 2981 3353 3468 3476 3568 3682 3778 3779 3861 3942 3943 3958 3960 3976 4013 4108 4203 4303 4458 4771 4772 4850 4931 4932 4953 5181 5197 5212 5213 5214 5219 5263 5341 5375 5617 5665 5737 5739 5740 5893 5961 5975 5995 6007 6294 6371 6461 6565 6566 6631 6632 6641 6642 6665 6671 6699 6725 6782 6931 6933 6950 7067 7126 7173 7210 7271 7272 7304 7362 7363 7379 7387 7469 7507 7509 7560 
天 645 686 762 770 1418 1690 2074 2322 2362 2379 2549 2551 2772 2774 3125 3317 3492 4654 5022 5053 5065 5698 5856 5897 6034 6470 7445 
太 405 1292 1301 2553 5327 6135 6513 
夫 1736 4851 5659 7288 
央 788 1109 1849 2297 3085 4140 
夯 6121 
失 2873 2875 3449 4408 4585 6008 6743 6853 7283 
头 941 1076 1078 2066 2067 2068 2232 2349 4125 4126 4245 4246 5089 5180 5181 5320 7446 7532 7533 7550 
奇 171 204 4941 4977 
奈 5485 
奉 5541 6546 
奋 1713 1914 3038 3355 6240 
奏 5644 5645 5656 5657 5658 
契 1614 
奔 1423 2562 
奖 809 811 1946 1948 3246 3348 5676 5677 5696 5697 5703 7546 
套 606 3011 3895 5418 5443 
女 1757 3441 4699 4705 5522 5651 6148 6149 6291 
她 266 
好 423 426 464 592 1167 1251 1292 1301 2057 2292 2694 4076 4515 5005 5006 5007 6019 6140 6407 6431 6980 7247 7325 
如 385 546 634 1146 1275 1976 2373 2588 3089 3646 4660 4906 5255 5742 5743 6036 
妇 6141 6148 6149 6195 
妙 171 
妥 6061 
妨 5438 7027 
妹 7369 
始 1455 2613 2817 3679 4943 4944 
姐 7369 
姑 2556 
姓 2972 6353 
委 1475 1729 1730 2184 2286 3463 3464 4505 4506 4521 4730 4731 4732 4789 4792 4829 5638 5687 5688 6006 6007 6551 6988 6989 
姚 4502 
姜 7542 
威 800 2019 6073 7068 
娃 7337 
娘 2556 
娟 6834 
娥 234 4735 
娱 703 3103 6044 6045 
婕 4719 
婚 4715 4716 6981 
婧 4718 
婴 4701 4702 4705 
婷 7474 
媒 448 5348 5470 
嫌 964 4622 
子 962 1441 1443 1985 2342 2344 2345 2594 2595 2601 2602 2607 2966 3381 3382 3431 3438 3441 4169 4170 4171 4854 5300 5493 5494 5669 5841 5983 5984 6635 6636 7335 
孔 3137 6057 
孕 2950 
字 136 1905 3260 4420 7503 7504 
存 3411 3832 4680 5806 7177 
孙 1728 2342 2554 7547 
季 4365 4366 4367 4426 4427 4469 4470 4602 4603 4698 
学 435 542 730 732 816 833 1223 1432 1921 1922 2328 2330 2333 2334 2583 2700 3280 3303 3371 3437 3444 3445 3669 3671 3950 3953 3958 3959 3960 4131 4140 4141 4179 4429 4430 4431 4432 4484 4485 4850 4892 4893 4924 4950 5131 5132 5133 5217 5219 5229 5375 5670 5690 5893 5961 5978 5979 5988 6106 6203 6206 6412 6596 6597 6671 6711 6761 6790 6801 6802 6803 6842 6887 6915 7038 7040 7163 7165 7166 7167 7173 7206 7207 7208 7269 7272 7319 7320 7365 7366 7370 7387 
孩 2343 2344 2345 6291 
孵 631 
宁 7418 
它 1264 1279 
守 1146 1523 1889 1890 2034 2036 2037 3114 6750 
安 289 521 579 580 1018 1527 1528 1540 1884 1885 1933 3516 3927 4295 4296 4863 5537 5538 5714 6272 6287 6476 6884 7220 7236 
宋 1358 1359 1360 1715 1775 1776 6211 
完 236 319 400 1197 1903 2687 2691 4150 7632 
宏 2385 6259 6260 6990 7349 
宗 4262 4299 4632 4809 5261 5923 7009 7126 
官 230 231 1476 1479 4415 7375 
定 583 691 954 1022 1332 1514 1515 1527 1528 1566 1568 1615 1841 1843 1881 2003 2052 2482 2643 2942 2943 2960 3202 3485 3791 3801 3822 3830 3835 4269 4684 4692 4881 5358 5386 5387 5388 5819 7018 7097 7297 7299 7428 
宛 3089 
宜 495 3118 3119 3120 4375 5796 5797 
宝 1032 1140 1356 1391 1819 4942 4977 5552 5553 6531 
实 331 551 552 581 582 647 828 830 1222 1445 1452 1488 1512 1636 1637 1683 1810 1970 2608 2620 2627 2713 2869 2947 3289 3291 3299 3371 3437 3556 3757 3758 3954 3969 4047 4519 4617 5046 5516 5799 5800 5815 5816 5817 5818 6016 6017 6020 6121 6232 6247 6609 6743 7094 7382 7456 
宠 5211 
审 132 854 971 1015 1963 5943 5945 6509 7198 7588 7614 7638 
客 163 886 2262 2371 2671 2673 4451 4452 5428 5861 
宣 271 663 948 4592 4786 5906 6720 7472 
室 552 1854 1855 5455 7065 
宪 1542 2018 4570 
宫 1024 1035 1043 1075 1408 
害 1091 1556 2900 6810 6846 
宴 719 
家 356 375 559 851 1169 1320 1607 1628 1630 1638 2086 2174 2369 2370 2516 2552 2661 3174 3271 3272 3275 4001 4113 4128 4129 4152 4284 4309 4313 4317 4370 4371 4430 4432 4762 4986 5062 5111 5200 5347 5445 5446 5483 5484 5512 5641 5645 6153 6161 6381 6401 6410 6762 6962 6968 7093 7165 7167 7298 7439 
容 1298 1798 2007 4016 4962 6076 6077 6128 6777 6778 6814 
宽 490 1220 4312 5891 6162 
宾 163 759 4377 4787 
宿 4993 
寄 2031 2033 3620 5987 7589 
密 129 1166 1230 2523 3270 4040 4842 4843 5265 5712 6574 6897 7053 
富 1677 1821 1822 1827 2690 3082 5411 5556 5694 6237 7372 
寒 673 
寓 4992 
察 731 732 960 2459 2468 4967 7221 7222 
寸 1125 1126 1127 6616 
对 23 184 397 493 1073 1293 1413 1490 1999 2417 2957 3013 3206 3396 3886 3896 3979 3980 4390 4828 5715 5717 5821 5844 6617 7621 7622 7623 7624 
寻 203 3732 5421 6101 
导 1981 3541 3542 4117 4200 4201 4202 4372 4373 4813 5270 5529 5619 5679 6249 6250 6253 6515 
封 3517 3518 
射 3566 
将 128 770 1033 1555 3041 3475 3543 4593 4753 5250 6326 6482 6786 6788 
尊 1309 
小 1159 2323 2343 2345 2918 3405 3443 3444 3445 3521 3884 3885 4307 4721 5810 5811 5888 5889 6634 6636 7319 7320 7330 7341 7366 7426 
少 329 895 1529 1530 1531 1888 1929 1930 1931 2545 4006 4753 5836 
尔 760 5502 5503 5504 6154 
尖 1149 2938 7581 
尚 2115 2117 4026 5171 
尝 3322 5874 
尤 593 5933 5934 
就 56 604 1240 2477 2479 3069 3303 3304 4786 5827 6180 7336 
尸 3985 
尺 6616 
尼 10 760 7328 
尽 313 318 1674 1711 2035 2037 4660 6072 6528 6529 6530 6819 6855 
尾 5091 
局 286 377 497 498 1675 2223 2616 3006 3142 3186 3321 3564 3602 3678 3728 3869 3870 3876 3877 3952 3957 4045 4498 4653 4696 4821 5271 5356 5440 6506 6542 6601 6673 7222 7316 7348 7471 7508 7509 7571 7572 7574 7575 7576 7578 7600 
层 1622 1623 1624 2676 4274 4664 4665 5019 5025 5760 6808 6955 
居 1693 3118 3300 3319 4001 4259 4324 6381 
届 210 802 810 1950 2475 2476 3244 4729 4797 4798 5011 5012 5073 5349 5350 5608 
屋 3709 4258 4325 4405 
屏 3520 3688 
展 182 220 265 376 596 795 806 820 848 849 1274 1362 1363 1373 1426 1717 1734 1811 1858 1918 1919 2204 2294 2351 2725 2812 3869 3870 3888 3915 3949 4725 6427 6446 6467 6473 6595 6982 7305 7307 7533 7664 
属 1020 2208 4685 6035 6888 
屡 6740 
履 1567 1673 
山 1727 1728 2165 2327 2360 2389 2390 2391 2392 2928 2929 3359 3360 3361 5607 6281 6294 6295 6297 6303 6304 6496 6566 6653 7055 7056 7657 
屿 6565 6566 
岁 3499 5528 
岑 5911 7003 
岗 926 3913 4357 
岛 983 2768 2918 2922 2936 3153 6789 
岩 7071 7078 
岭 3112 3115 
岸 735 2742 2743 2758 2766 4561 5186 6592 7226 
峡 5185 5186 
峰 5352 7262 
峻 24 
崇 1830 
崑 5948 
崔 6126 
崭 159 
嵌 3333 
川 4454 6584 
州 2088 2411 2537 2538 3584 6273 6274 6317 
巡 6623 7242 
工 264 327 328 520 650 1186 1187 1197 1898 1997 2314 2422 2423 2606 2717 2762 2777 2925 2926 3238 3343 3450 3451 3744 4352 4526 4528 4690 4756 4855 4961 5029 5030 5173 5309 5455 5721 5824 5977 6311 6355 6356 6607 6613 6659 6675 6676 6677 6691 6821 6822 6863 6903 7099 7358 7511 
左 2542 
巨 1085 2259 3392 3393 3514 3515 7363 7502 
巩 5415 6234 
差 2693 4176 6457 6706 7089 
己 424 
已 150 469 1701 2667 2674 4486 4796 5170 5198 5225 5950 6511 7120 
巴 754 756 758 761 3488 5612 5739 5740 
巿 4396 
币 2432 2504 4161 4162 
市 156 412 902 903 904 1725 1726 2304 2311 2360 2415 2537 2538 3797 3798 3909 3910 3911 4119 4234 4239 4505 4506 4887 5214 5304 5305 5808 5823 6276 6443 6510 7161 7387 7539 7540 7548 7556 7660 
布 15 948 2616 3284 3346 4617 5499 5530 5614 5616 6002 6489 7231 
帆 2215 2308 4321 5898 6324 
师 2838 3071 3072 3074 3075 3161 4940 4948 5119 5617 6676 6677 6755 6756 6761 6901 7392 7395 7402 7404 
希 416 3465 
帝 1390 
带 219 920 3419 3574 3582 4775 4777 4954 5532 5533 5707 6396 6521 6627 6851 7145 
席 256 1745 1746 1777 3689 3690 3691 5013 5623 7471 
帮 1248 6309 
常 1285 1286 1290 2654 3320 4277 4521 4985 5505 6006 6007 6036 6038 6039 6070 6096 6097 6320 6364 
帽 6627 
幅 894 1906 4468 
幌 1985 
幕 145 196 5476 5530 6538 7432 
幢 6977 
干 3433 4121 4689 4763 4997 5718 6640 6672 6713 6714 6823 6841 
平 562 563 665 723 1255 1815 1909 2046 2047 2049 2263 2265 2267 2282 2575 2916 3050 3176 3249 3421 3927 4524 4621 5852 6474 6575 6604 6633 
年 17 18 31 59 85 86 88 90 91 194 207 326 391 392 418 567 872 1117 1118 1173 1281 1516 1517 1756 1930 1931 2099 2112 2154 2890 3026 3110 3487 3645 3648 3649 3729 3752 3941 4077 4084 4085 4270 4421 4485 4605 4727 4795 4805 4823 4900 4916 5000 5281 5342 5500 5914 6086 6087 6109 6129 6130 6437 6505 6518 6633 7070 7304 7347 7608 7614 
并 585 2680 3916 4570 6194 6323 7485 
幸 2870 3083 6409 6435 
幻 224 
幼 4958 4959 7338 7339 
广 380 490 1435 1496 2088 2182 2183 2538 2567 2670 2711 3125 3290 3464 3714 4133 4520 6090 6118 6279 6317 7304 
庄 1570 2139 5668 5669 
庆 1714 1715 1775 2414 2471 4728 5043 6435 6981 
庇 1989 
床 6054 
序 251 1543 2609 3846 4960 
库 1101 4168 5107 
应 52 103 167 477 479 688 1156 1613 1633 1686 1705 2424 2426 2829 3820 3921 3980 4208 4209 4646 5705 6204 6205 6466 6796 6883 6936 7332 7333 7392 
底 194 300 1222 1584 1589 2101 5124 5125 7093 
店 38 
府 281 282 283 335 443 819 1109 1784 1848 1849 1961 3713 3714 3910 3911 4264 6152 6361 7549 
庞 3476 
度 12 13 17 18 42 238 753 1333 1971 2428 3269 3340 3569 3750 3972 3973 4085 4366 4367 4470 4603 4923 5773 5892 6018 6136 6442 6549 6550 6699 6793 7152 7412 7420 7454 
座 636 637 2152 2791 2798 3328 4451 4452 5036 6208 6209 
庭 70 118 1021 4284 5944 
康 704 1321 1351 1696 2104 2362 
廊 2580 3086 
廖 4522 
延 748 2771 2995 2996 2997 4464 
廷 7014 
廸 6999 
建 420 605 1123 1133 1172 1185 1187 1300 1375 1965 2163 2448 2685 2762 2790 2811 2930 3034 3048 3276 3343 3794 3795 3912 3964 3992 4099 4233 4256 4262 4298 4337 4345 4405 5018 5024 5029 5030 6001 6584 6598 6600 7308 7310 7313 7315 7575 
廼 5642 
开 145 165 220 379 512 915 971 1040 1152 1393 1455 1734 1892 1952 2038 2056 2435 2452 2453 2809 3163 3197 3440 3442 3482 3666 3700 3728 3888 3896 3955 4137 4152 4155 4156 4166 4337 4352 4524 5016 6083 6084 6085 6298 6363 6538 6652 6653 7237 7393 7394 7562 7664 
异 1947 2693 3189 4175 4176 5113 5114 6439 
弃 1656 
弄 2956 6003 
式 50 278 661 856 1779 3223 3224 5237 5677 7343 7361 7432 
引 162 2495 2632 2637 2728 4358 4373 4530 5510 5679 6040 6041 
弘 1840 
弟 3438 
张 2383 3657 3659 4262 4297 4318 4319 5298 5572 5700 5744 6021 6497 6784 7255 7256 7258 7389 7601 
弥 891 
弱 3397 4275 5526 
弹 4647 
强 119 955 1600 1651 1827 2097 2280 2493 2600 2697 2990 3056 3057 3341 3458 4477 4601 4822 4838 4839 4867 4868 4935 4936 5079 5344 5729 6384 6402 6410 6440 7384 
归 2436 2437 
当 71 390 467 539 1143 1144 1330 1334 1661 2039 2112 2253 2254 3618 3820 3957 4533 5130 5182 5436 5897 6361 6436 6753 6774 6775 7653 
录 179 2177 2535 2536 3722 4081 6081 6193 7274 
形 856 1298 2498 2525 4534 5020 5021 5555 6256 7077 7466 
彩 2808 4066 5673 6408 7047 7372 
彬 6630 
彰 798 6176 
影 1549 1550 1908 2579 5871 5873 7452 
彻 1494 1589 3969 
彼 2743 
往 1870 2384 2572 5267 5608 6365 6405 6428 
征 477 1924 1926 2888 6978 
径 2207 4640 6496 
待 610 1103 1190 1191 3298 3312 3399 3417 3418 5244 5708 
很 455 1349 4953 6699 
律 759 1574 3161 3177 3738 3739 6508 6751 6780 6865 6866 7404 
徐 1783 3734 
得 179 346 451 454 811 1105 1236 1237 1266 1267 1295 1296 1513 2319 2320 2365 2624 2625 2708 2924 3064 3066 3081 4344 4778 4915 5001 6292 6914 7118 7399 7400 
循 2488 3717 3718 4639 4710 
微 2607 4145 5877 7534 
德 4120 4772 6026 6733 6735 6757 6798 6799 6944 7234 7445 
徽 310 5537 5538 
心 201 316 478 602 1081 1096 1291 1297 1312 1313 1314 1380 1381 1444 1641 1672 1679 1912 1913 1977 1978 1980 2296 2454 2574 2917 2973 3202 3388 3685 3878 4106 4182 4265 4551 4560 4563 4568 4838 4839 4863 4922 4956 5096 5183 5230 5329 5393 5531 5533 5575 5576 5822 6091 6528 6530 6567 6595 6614 7323 7326 7405 7636 
必 1160 1555 4479 4480 5002 5137 5235 6228 6229 7297 
志 1107 1341 1473 2150 2295 2568 3644 3653 4263 4771 5161 6182 6221 7090 7170 7171 7182 7197 7467 7523 
忘 2077 3721 3722 
忙 1392 
忠 1472 1638 2035 2037 5642 
忧 4995 
快 318 586 2355 2530 2934 5366 6029 6072 
忱 1829 
念 1824 1842 1843 2153 2206 2239 2349 3486 5730 5735 5822 5872 5873 
怀 1748 1825 1935 4921 6173 6178 
态 37 1297 1668 3313 4836 5511 6018 6793 7137 7261 
怎 408 
怕 1899 6638 
思 393 1805 2315 2733 3542 3761 3762 4965 4966 5139 5140 5337 6214 6224 6225 6923 7061 7184 7323 7547 
怡 4803 6127 
急 2497 3921 5182 5746 
性 727 750 937 1253 2568 2709 3059 3060 3061 3758 3759 3806 3808 3809 3810 3962 4165 4166 4204 4215 4228 4236 4252 4427 4699 4703 4704 4913 4914 5117 5387 5388 5390 5391 5392 5402 5611 5821 5826 5835 5932 6014 6235 6441 6722 6888 6898 7428 7514 7558 7559 
总 69 148 1072 2090 2188 2270 2271 2284 2418 4110 4112 4119 4403 4566 4669 4670 4697 5100 5195 5222 5223 5752 6124 6195 6425 6675 6677 7209 
恐 3920 
恒 500 6070 
恢 244 6039 6072 
恩 5498 5499 
息 513 865 3217 3702 4199 4401 5704 6681 
恰 7153 
恶 3919 4280 4281 
恺 6400 
悉 2653 4065 4790 
悔 6424 
患 2994 3062 5501 
悦 7545 
悲 5523 5525 
情 28 402 1749 1750 1935 2116 2117 3908 5135 5518 5584 5654 5655 6746 6747 6922 6923 6948 7013 7187 7327 
惊 7060 
惑 1012 6270 
惠 158 629 649 1786 2411 2626 2650 3285 3287 4071 4517 4518 4988 5763 6174 6429 
惯 6455 6456 
想 191 1113 1805 1809 2733 3542 4254 4976 5146 5147 5633 5634 6030 6460 6923 
愁 3117 
愈 5057 
意 122 1116 1291 1407 1524 1604 1639 1670 1671 1932 1933 1979 1980 2508 3745 4474 4488 4590 5028 5139 5140 5232 5233 5631 5925 6004 6316 6531 6574 6583 6902 7001 
感 186 471 473 678 1228 1678 2111 2712 4036 4135 4656 4985 5056 6423 6561 6878 6879 6922 6923 6947 7189 7302 7327 
愿 1639 4075 4076 5201 6316 
慎 132 6049 
慢 458 3059 3061 
慧 3143 
憩 5040 
懂 5001 
懈 1828 6552 
懿 858 
戈 5485 
戏 4139 4140 5540 5581 6907 
成 319 487 550 1178 1437 1477 1586 1587 1903 1949 2133 2448 2525 2634 2705 2710 2789 2801 2855 2970 3210 3374 3473 3778 3779 3937 4194 4195 4197 4346 4516 4785 5110 5276 5397 5416 5693 5694 5710 5711 5828 5988 6180 6247 7044 7225 7368 7399 7400 7448 
我 907 1345 1601 1920 2114 2815 4952 5695 
或 525 3833 6885 6886 
战 101 2083 2118 2124 2125 2194 2450 3038 4163 4164 4204 5085 
截 84 7240 
戴 706 7014 
户 537 2371 4301 6373 6374 6375 7473 7617 
房 1101 3302 3709 4237 4368 4378 7119 
所 407 1239 1597 1605 1983 2624 2625 2897 3169 3823 3945 4017 4034 4035 4259 4496 4497 4915 5208 5988 6045 6163 6164 6367 6775 7135 
手 659 1414 2460 3434 3904 3906 5870 6108 6109 6280 6571 6620 6650 6956 6957 7141 
才 489 799 2723 3961 4005 4406 4530 4532 4760 4920 5711 5982 5991 6733 6735 7306 7307 7364 
扎 3556 4765 5419 6606 
打 83 1284 1286 2461 3104 3930 5550 6363 7011 7616 
托 3201 3257 
扣 864 
执 1610 1612 1777 1988 3079 3080 3846 3924 3925 4730 4732 6233 6419 7492 
扩 1764 2439 3048 3915 5030 6972 
扫 2144 
扬 800 1840 4446 4592 4657 5898 6266 
扮 7125 
扰 4460 6841 7027 
扶 2826 4386 6309 
批 622 966 1283 1873 2171 2172 2610 3233 4673 5299 6514 7638 
找 382 4872 4880 6101 7453 
承 974 1571 1572 1839 1847 5534 6598 7493 
技 367 368 526 530 844 2515 4180 4182 4188 4192 4193 4199 4207 4821 4920 5003 5410 5762 5901 5961 6368 6465 7156 
把 371 781 3010 4970 
抒 5584 
抓 474 476 3324 3894 7141 7536 
投 492 2596 3339 3515 3789 5775 6418 6420 
抗 749 1643 1915 1999 2060 2083 2125 6156 
折 867 1666 7257 
护 290 929 930 1467 3114 3539 4537 6255 6543 6544 6545 6811 6912 6925 6926 
报 135 337 3306 3733 3863 3864 3866 4148 4671 4782 5378 5379 6557 
抱 502 1748 3599 
抵 950 5316 5318 
押 5952 7002 
抽 3040 
担 1081 1572 2039 3685 4189 4393 4686 4773 5461 
拇 5340 5341 
拉 5614 5615 5616 6002 
拍 1460 
拒 1643 1987 1988 
拓 379 2038 2812 6162 
拔 2612 6329 
拘 4623 
招 626 2844 3467 4491 
拟 555 2969 4683 
拥 502 1467 2440 2576 
拨 2027 4340 
择 465 6229 
括 308 808 
拯 3986 
拱 1202 5301 
拳 2634 
拼 4291 4882 
拿 2509 2510 5869 6620 
持 41 169 601 708 792 946 2082 2826 3943 4007 4020 4024 4044 4449 5199 5819 7022 7489 7499 
挂 2853 
指 508 577 954 2289 2489 2495 2634 3193 3429 3541 3542 5340 5341 5624 6744 7581 
按 1968 3207 4389 4698 5765 
挑 101 1249 6632 
挖 4865 
挤 1130 
挥 2729 3731 5624 6587 7138 
振 3788 4091 4241 6905 
挺 2119 2120 6387 
捐 1121 
捕 4613 4623 
损 96 97 1556 
换 6582 6583 7259 
捧 536 
据 134 514 516 694 1962 2130 3265 3668 3968 4790 4903 
捷 7648 
掀 7562 
授 565 2703 4452 6358 7388 
掉 1326 6344 6345 
掌 406 2299 
排 202 289 2769 5884 5886 
掘 4865 
探 2727 5414 7051 
接 344 684 1196 1389 1609 2226 2232 2669 2757 3205 3206 4968 5244 5265 5820 6023 6703 7219 
控 1008 1014 3683 4456 4614 6422 6556 6567 6744 6974 7479 
推 176 608 1435 1456 2883 3229 3822 3880 3949 4214 6192 7613 
措 340 3712 4102 6936 6974 
提 306 358 779 780 1891 1951 2076 2961 3494 3788 3974 4483 5664 5665 5761 5953 5995 6379 6914 
握 371 406 2633 
揭 196 7432 7553 
援 630 3922 4326 5757 5758 5786 6385 6462 
揽 1518 
搏 4291 
搜 3252 
搞 1424 6836 6840 
搬 2822 
搭 386 1375 3099 5238 6190 6191 6430 
携 659 
摄 1028 1030 1460 4817 7421 7422 
摊 868 
摸 1654 1655 6961 
撑 3557 3558 7501 
撤 3851 
播 4053 4078 6118 6776 7274 
撰 3490 5968 
撸 3430 
撼 5115 5116 5576 
操 1523 2116 2117 4951 
擎 2637 
擘 6258 
攀 3664 
支 601 630 3231 3557 3558 3565 3943 4044 5016 5774 5788 6080 6660 
收 89 90 91 106 107 355 949 1067 3231 4384 4491 4494 4495 4928 4929 5780 6376 6726 7462 7463 7587 
改 1814 2435 2883 2892 3049 3540 4443 4829 4886 5480 5481 6708 
攻 4183 6707 
放 825 826 1892 2235 2435 2630 2732 2733 2809 2820 2828 3896 4524 4748 4877 4972 5084 5775 5891 6183 
政 16 18 68 231 280 281 282 283 284 335 336 337 620 642 819 1056 1057 1058 1109 1175 1578 1579 1580 1681 1784 1848 1849 1851 1961 1964 1965 2185 2626 3712 3713 3714 3738 3739 3909 3910 3911 3965 4088 4089 4090 4167 4260 4261 4264 4538 4549 4755 4792 4929 4988 5330 5331 5798 6013 6152 6165 6233 6234 6360 6361 6720 7178 7504 7549 
故 218 1024 1043 1075 1254 2359 5655 5925 7263 
效 279 1472 1506 1638 2686 2710 2829 3210 3839 4933 4934 5398 5471 5472 5694 5933 5934 5936 6015 
敌 2193 5715 5717 
敏 1786 1787 7367 
救 3922 3986 6222 6462 
敖 5911 7004 
教 1768 1858 2196 2197 2703 2964 3944 4452 4490 4498 4948 4950 4957 5695 6729 6760 6761 6787 6799 6815 6880 6901 6903 7079 7080 7082 7083 7289 7292 7388 7392 7395 7397 7398 
敞 4312 
敢 1448 5008 6099 6100 
散 2593 5328 5329 6972 
敦 5374 5375 5660 
敬 2073 
数 61 136 514 516 518 538 888 1072 1530 1531 1866 2015 2016 2017 2786 3121 3317 4419 4420 4444 4466 4467 4894 4896 4903 5148 5149 5802 5804 5851 5852 5904 6522 6554 7411 
敲 5358 
整 30 908 1195 2691 3786 4934 6285 7212 7213 7497 
文 429 703 977 997 1065 1070 1129 1351 1410 1411 1412 1424 1770 1905 1923 1924 2684 3115 3490 3493 3958 4132 4492 4575 4597 4677 4678 5125 5131 5133 5440 5580 6230 6464 6507 6597 6866 6921 7081 7082 7083 7174 7175 7317 7318 7321 7417 7659 
斑 6764 
斗 1202 1713 5306 5307 5571 6240 
料 333 4811 4914 6608 6692 7460 7461 
斩 3655 
断 1353 2438 2439 2861 3057 3327 3858 5164 5167 6971 
斯 755 756 757 758 5650 
新 26 66 104 159 189 198 226 227 350 351 531 533 674 873 932 933 956 1917 1918 1919 2038 2514 2515 2534 2614 2659 2660 2664 2876 3199 3276 3321 3327 3415 3552 3553 3560 3564 3632 3701 3762 4060 4061 4062 4180 4198 4238 4239 4369 4370 4371 4700 4798 5017 5355 5474 5475 5590 6022 6415 6438 6439 6478 7073 7155 7156 7275 7564 7566 7654 
方 50 823 1079 1080 1094 1095 1100 1114 1214 1294 1772 1969 2263 2265 2266 2267 2490 2491 2546 2575 2916 3017 3052 3053 3054 3166 3428 3429 3510 3703 3892 3979 4019 4027 4028 4243 4244 4254 4618 4681 5127 5128 5141 6474 6576 6604 6769 7170 7171 7409 7435 
施 336 337 340 581 1488 2175 2620 2777 3712 4178 4362 4617 5046 6659 6936 6974 7305 7307 
旁 2768 
旅 225 874 876 886 1268 1693 4082 5271 5850 6125 6469 7030 7157 7491 7494 
旋 5663 
族 2095 2096 
旗 309 7342 7343 
无 122 877 879 1489 1521 1877 2668 2904 2939 3121 3127 3129 3352 3667 3977 5053 5055 5082 5149 5384 5385 6424 6770 6772 7112 7114 7264 7444 
既 1823 6186 
日 5 14 71 86 87 274 275 570 572 682 702 793 939 1028 1084 1193 1194 1443 1461 1859 1960 2060 2125 2137 2158 2159 2199 2748 3412 3699 3751 3863 3864 4290 4569 4584 4593 4694 4824 5178 5278 5279 5832 6439 6459 6517 6536 6553 6680 6967 6970 7230 7431 7488 
旦 3000 
旧 867 2391 2392 
旨 1558 4809 
早 1446 1711 3247 4918 4973 5453 6511 6536 
旬 2180 4333 
旭 2719 3350 3657 3658 3659 4058 4063 
时 20 34 58 210 450 495 584 931 1181 1194 1255 1399 2029 2323 2533 2665 2891 3018 3545 3825 4023 4025 4043 4382 4383 4579 5047 5269 5795 5797 5834 5835 5837 5838 5989 5999 6238 6313 6402 6436 6527 6679 6715 6716 7029 7267 7324 7325 7456 7495 
旷 4802 
旺 7241 
昆 6366 
昌 978 1007 4249 4250 5334 6578 
明 725 778 780 794 857 880 881 882 1009 1170 1367 1370 1402 1466 2012 2013 2441 2470 2489 2582 3332 3357 3428 3429 3756 4436 4443 4578 5184 5800 5963 5970 6230 6232 6366 6548 6549 6550 6718 6757 6793 6816 6818 6847 7106 7229 7380 
易 561 563 3230 3868 3870 4116 4136 4560 5257 5290 7269 7405 
星 2401 4356 5063 5284 5285 5286 
映 787 
春 3603 3652 5280 5281 5785 
是 366 399 534 604 1174 1184 1403 1458 1490 2939 3805 3818 3831 4455 4826 4873 4879 5406 6017 6425 6449 6817 6818 6914 7154 
显 137 893 1645 2441 3188 3210 4443 6166 6172 6176 6629 7229 
晃 6702 
晋 1357 
晒 5880 
晓 1029 2058 5298 5513 5956 6535 7353 7661 
晔 3132 
晖 5911 7005 7661 
晚 1859 4316 5500 6027 7496 7653 
晞 2555 
晟 2362 
晨 2657 4151 
普 3799 3800 4273 4695 4696 5157 6158 6159 6399 
景 183 199 1377 2400 2794 2795 2805 2806 3097 3130 3423 5865 6446 6469 6471 6472 7086 
晰 1576 
晴 5854 
晶 4722 
智 963 1000 2724 3143 4168 4434 4527 4528 5963 7184 
暂 4381 4580 5269 
暖 913 4354 5855 
暗 1176 1207 
暨 2473 2698 2700 
暴 1992 4607 4609 4627 5168 
曲 5581 5634 5640 5641 5657 5658 6113 6114 
更 62 426 534 611 612 791 1594 2462 2840 3353 3918 4238 4239 4520 4860 4885 4991 6753 6883 7034 
曾 621 744 1155 2166 3489 5224 7181 
替 739 7290 
最 212 446 447 496 847 1251 1252 1917 1919 2000 2162 2230 2336 2416 2530 2652 3157 3247 3341 3554 3737 4006 4932 7035 
月 4 233 300 343 440 1084 1862 2156 2866 3604 4735 5283 6438 6439 
有 33 120 213 268 468 554 741 774 814 912 1252 1350 1400 1446 1493 1506 1597 1633 1669 1677 1712 2310 2363 2364 2576 2609 2840 3218 3311 3399 3456 3653 3766 3768 3834 3889 3996 4024 4035 4265 4488 4496 4497 4634 4902 5044 5140 5225 5412 5433 5693 5694 5988 6348 6349 6482 6521 6541 6687 6890 6899 6902 7230 7298 
朋 462 7341 
服 43 566 3176 3878 4884 6185 6685 7583 
朗 881 882 1278 4348 
望 182 416 1505 2032 2033 3500 3889 4075 4076 4806 5659 5987 
朝 1062 1064 3354 6102 6103 
期 584 610 644 691 752 763 768 923 1305 1505 1649 1682 1879 2029 3076 3254 4605 5178 5250 5254 5274 6024 6059 6867 6874 7408 7506 
木 2999 3501 5561 
未 120 185 863 965 4035 5137 5171 5967 6681 7485 
本 155 363 628 802 1468 1469 1470 1471 1590 1592 1794 2137 2487 2980 3148 3268 3733 4084 4085 4162 4302 4409 5081 5397 5736 5931 6520 6622 7049 7193 
术 526 542 2515 4127 4128 4129 4180 4182 4188 4193 4199 5074 5100 5134 5153 5444 6368 6593 6594 7163 
朱 1038 6998 7010 
朴 5586 
朵 5145 
机 372 475 476 543 549 733 1614 1763 2002 2225 2262 2586 2695 2715 2716 3128 3129 3363 3552 3553 3719 3827 3828 3966 4014 4022 4652 4853 5035 5870 6362 6656 7130 7324 7325 7422 7463 7477 7482 7536 7612 
杂 1465 
权 523 524 565 1553 1554 1629 1630 1964 1965 2001 2019 3783 3784 3983 4674 4691 4889 5334 6026 6151 6234 6738 6749 6857 
杆 2816 
李 673 986 2091 2149 3162 3465 4116 4925 5196 5754 5983 5984 7121 7191 7199 7234 7353 
材 4811 4914 5463 5464 5597 
村 2126 2131 2139 2145 2148 4240 6370 6994 
杜 5338 7541 
束 1596 1695 1861 
条 79 80 241 307 1563 2529 2786 3198 3774 3776 3777 4575 5766 6667 6865 6866 
来 146 185 460 751 815 920 1236 1237 1273 1352 1449 1457 1486 1503 1516 1517 1649 1663 2065 2380 2381 2572 2823 3883 4403 5121 5154 5234 5365 5967 6084 6085 6315 6365 6437 6684 6690 6786 6844 7016 7186 7224 7228 
杨 993 3756 4453 4747 6937 
杰 835 4799 5486 5488 7373 7380 7538 
松 3359 3361 7389 
板 4536 
极 51 504 1179 1492 1529 1531 1618 1986 5684 5685 6512 7150 7151 7637 
构 543 549 1878 2685 2801 3828 4014 4228 5609 6445 
析 515 516 2968 5627 7054 7420 
林 232 2585 2705 3005 3006 4752 4851 5454 7317 7418 
果 1275 1575 2855 3473 3639 3779 4004 5164 5169 5471 5472 
枢 4562 
架 1799 2218 2261 2807 4780 
柏 6110 6210 
某 4583 4584 4589 
染 678 2988 5056 7243 7244 
柜 7238 7618 
查 3672 4695 4696 5378 5379 6623 7615 
柯 6147 
柱 7078 
标 190 1238 1473 2305 2568 2816 2957 3555 4336 4766 6904 7049 
栋 1204 5706 
栏 4138 
树 2979 2981 2993 2999 3497 3508 5713 5984 6578 
校 1432 1433 1937 1938 3437 3447 3947 3948 5605 6181 6206 6719 6759 6769 6790 6820 6831 6832 7319 7320 7352 
株 3495 5163 
样 1303 1442 1450 2862 5177 5610 5611 6257 6520 7371 
核 692 2296 2574 4182 5822 6928 6929 6932 6933 6935 7626 
根 1616 2487 2985 3019 3021 3469 3470 3668 4765 5733 7185 
格 1162 1205 1890 2954 3073 3074 3075 3080 3186 3321 5108 5114 5425 5426 5615 5616 6758 6800 7162 7251 7492 7627 
桂 3579 
框 2218 6390 
案 242 940 968 1189 4604 4631 4633 4634 4681 5747 5924 5931 5939 5946 5997 5998 6526 7139 
桌 4310 
桓 985 
桥 734 1803 2738 2746 2770 2781 3109 3137 4780 6190 6191 6655 6670 7160 
梁 988 1203 1204 1786 1803 2719 3140 3144 3633 4091 4113 4435 5706 5913 6098 6272 6286 6631 6632 6658 7247 7523 
梅 5539 5540 
梓 858 
梦 191 203 224 328 1451 3124 3126 3238 3654 5188 5543 
梯 3422 
械 7482 
梳 7650 
检 688 693 951 1262 3914 4003 4614 6063 6071 
棋 3602 
棚 6371 
森 993 7410 7414 
棵 2992 2993 
植 5733 6161 6283 6284 6330 7144 
楚 5268 6904 
楷 3345 4054 
楼 421 422 3216 4013 5019 5039 5542 5543 6401 6410 
榀 3141 
概 2239 4655 6895 
榕 3497 
模 846 1027 1051 1718 2765 2969 3223 3224 3345 
横 3133 3152 3153 3502 5568 5570 
檐 1201 
次 139 771 855 956 957 1272 1623 1624 1759 1794 1866 2075 2142 2143 2252 2469 2481 2675 2962 3047 3694 3697 3698 3890 4643 4644 4665 
欢 222 1371 1372 4645 4937 5446 5523 5525 6497 
欣 3370 3373 3650 3651 5138 6824 
欧 4503 6992 
欲 2638 
款 4157 4340 5767 5973 6058 6501 6502 7433 
歇 5093 
歌 3611 3612 5457 5459 6079 6095 6108 6109 6112 6113 6114 6881 
止 3842 6581 
正 168 278 486 603 624 1174 1590 1592 1602 1606 1662 2026 2027 2047 2048 2049 2055 2522 2755 2936 3559 4619 5383 5385 5394 5679 5699 6038 6039 6525 6526 6785 7266 7277 
此 1010 1759 1762 1763 1976 2020 2742 2754 3824 3825 3968 4021 4098 4104 4268 4660 4828 5004 5175 5251 5253 5325 5509 6779 7498 
步 297 666 1090 1147 1817 1818 2300 2317 3605 4101 4272 5848 6025 6416 6444 7401 
武 7472 
死 1142 4706 4708 6573 
殊 1136 
残 5779 
段 696 697 1907 2110 2229 2709 2913 6065 6066 6067 6571 6679 6915 7218 
殷 7094 
殿 1381 
毁 1644 
毅 4851 6057 
母 2105 4169 4171 6831 
每 440 445 1137 1418 2154 2325 2469 2941 3051 6553 
毒 676 677 2004 4003 4630 4633 6826 
毓 3364 3365 6098 
比 180 484 1378 1925 2417 2843 2899 2933 3318 3395 4428 4704 4906 5141 5322 5495 5496 6662 
毕 436 438 1747 6106 6275 6276 6671 
毗 3211 
毛 2315 5059 
毫 6705 7112 7114 
氏 3167 
民 1 2 253 284 903 904 1526 1741 1835 1849 1857 2044 2095 2096 2145 2504 3287 3300 3736 3737 3747 3749 3754 3864 3965 4413 5357 5465 5467 5681 5683 6175 6784 6833 6880 6894 7549 7636 7642 
气 215 1089 1660 2100 2101 3014 3315 4926 5427 5809 5856 6042 6102 6103 6262 6797 6838 6839 
氛 822 6382 
水 422 723 1307 1653 1655 2774 3028 3040 3042 3044 3155 3249 3387 3421 3503 4229 4231 4247 4361 6588 6646 6654 6701 
永 500 1876 2178 2896 4364 4507 5785 6212 
汀 5548 
求 425 952 1111 1224 2040 2470 3004 3182 3732 4292 4407 5097 5166 6017 6842 6969 7013 
汇 206 2619 3629 3630 5126 6202 
汉 1778 4799 6738 6754 
汗 6588 6686 
江 1788 2127 2129 2189 2192 2413 2648 2917 3042 3094 3162 3513 3546 3547 3583 4350 6983 6984 7548 7563 7591 7647 
池 4909 4910 
汲 4134 
汽 6279 7442 
沈 4717 
沉 5075 
沙 2066 2068 2539 5632 
沟 7524 
没 741 1235 
沦 2136 
河 606 1368 1369 1370 2378 2549 2550 2551 2787 3711 
油 3432 
治 294 1175 1507 1665 1681 1883 1885 1972 2025 3016 3407 3764 3765 4409 5057 6251 6540 6720 7220 7236 
沿 3378 
泉 4857 4858 
泊 760 
法 263 303 304 312 580 970 1016 1021 1113 1469 1470 1471 1479 1481 1482 1483 1568 1574 1704 2018 2340 2868 3017 3179 3736 3737 3754 3764 3765 3800 3924 3925 3966 3977 4253 4254 4554 4687 5035 5399 5927 5997 6166 6508 6723 6748 6750 6771 6772 6780 6809 6866 7019 
泛 2711 3882 6118 
泡 6042 
波 1183 2562 2750 3655 3681 4539 
注 1238 2492 3266 3268 3821 4144 4342 4474 4864 6574 
泪 5577 
泽 1888 4522 7389 
洁 3661 4360 
洋 2237 2745 2799 6342 6847 7158 
洒 6587 
洗 1598 
洞 1533 
津 3591 3592 4332 4587 5776 
洪 2335 
洲 840 2191 2192 4441 4442 
活 48 103 401 633 2321 2399 2524 3113 3652 4285 5009 5227 6910 6911 
派 439 1520 3007 4740 4741 4744 4745 5516 6165 7254 
流 481 664 665 1086 1176 1374 1770 1894 1895 2303 2374 2600 2723 2787 3194 3338 3386 3670 3671 3989 4541 4542 4545 4658 4659 4679 4903 5009 5190 5191 6082 6085 6188 6701 7239 7240 
浇 3145 
测 693 4003 5259 5389 5390 5391 5392 5789 7430 
济 919 2271 2278 2863 3582 3769 4429 4431 4432 4759 4760 5758 6896 
浏 1865 
浑 1653 1655 
浓 5518 
浩 5184 7023 
浪 2306 2496 3655 
浮 1408 6698 
海 324 801 1724 1725 1726 2236 2403 2404 2405 2410 2761 2800 2804 2935 3094 3578 3595 3600 3938 3939 4149 4435 4752 5185 5186 5293 5295 5305 5504 6329 6333 6585 6645 6648 6657 7058 7158 
涂 3213 
消 178 1986 3702 5823 6861 
涉 964 981 2683 3792 3997 4622 
涌 1177 2214 5319 5335 6976 
涛 1776 
涤 1657 
润 6937 
涨 63 
涯 6643 
涵 1474 3342 
淀 5075 
淆 5507 5508 
深 323 325 428 843 947 1333 1339 1594 1622 1624 1934 2217 2311 2378 2591 2782 2861 2863 2892 3043 3142 3413 3461 3585 3911 3932 4247 4472 5432 5985 7535 7664 
混 1534 3139 5507 5508 
添 5034 
淼 7538 
清 772 1233 1367 1370 1402 1576 1591 1592 2657 3785 3811 3813 3841 3984 4360 4588 4857 4858 5268 5315 5508 6537 6781 7270 7272 
渊 7357 
渍 6686 
渐 7487 
渗 5719 
渠 5323 
渡 2309 4251 4252 5812 5814 6993 6994 
温 2059 4354 5857 6392 7454 
港 3 94 95 229 294 325 335 442 443 656 783 784 842 892 902 904 950 983 1058 1114 1318 1457 1471 1680 1961 2080 2244 2566 2837 2842 2845 3239 3267 3285 3335 3586 3596 3723 3870 3872 3877 3898 3932 3934 3958 3960 3965 4049 4074 4347 4448 4652 4736 4745 4808 5206 5242 5243 5256 5321 5356 5961 6317 6319 6413 6429 6490 6725 6782 7030 7374 7385 7386 7387 
游 160 874 875 876 984 2078 2079 2194 3120 4082 4481 5271 5428 5741 5743 5771 5850 6125 6469 6907 7030 
湖 2963 3360 3361 7656 
湛 3513 4974 4978 
湾 342 764 1687 2213 2281 2390 2392 2395 2591 2905 3335 4610 4611 5204 5916 6590 6591 6666 6931 6933 7656 
湿 3511 
源 941 1591 1592 2595 2907 3022 3402 3597 3598 4229 4286 4510 6128 7185 7192 7193 7512 7573 7599 
溯 3849 7192 7193 
滇 3581 
滞 3058 
满 1860 1861 2866 4567 4568 5014 5198 5413 6298 
滥 1552 1554 
滩 3213 
漏 1533 
演 112 206 711 712 4117 5066 5087 5088 5491 5506 5519 5618 5643 5644 5645 5667 6568 6569 7125 
漠 5666 
漫 6295 6297 
潘 2335 3350 4057 4063 
潜 595 596 6973 
潮 481 2214 2956 5868 
澳 672 745 765 783 784 1784 1836 1848 1851 2506 2566 2837 3239 3285 3477 3479 3897 4508 4512 5206 5243 5275 5893 6165 6174 6251 6523 7224 7563 7591 7647 
激 1837 1998 4105 5151 6561 6825 
濠 1788 
火 2092 2094 2588 7055 7056 7429 
灯 2407 
灵 48 103 3365 4135 4285 
灼 5346 
灾 7429 
灿 5189 5193 7317 
炎 27 
炒 1519 
炭 4987 
炳 4601 6481 6784 
点 339 899 900 1692 2021 2130 2581 2655 2881 2882 2975 2976 2978 3107 3187 3188 3234 3308 3551 3558 3565 3630 3744 4086 4154 4841 5086 5354 5536 5841 5865 6350 6351 6352 6469 7150 
炼 1904 4963 6710 
炽 821 
烈 347 1651 1998 2062 2063 2070 4477 4645 
烟 6837 6839 
热 347 535 821 1315 1749 1750 1829 2316 2655 3308 4645 6491 7092 
焊 2225 2226 
焕 3162 7373 
焦 154 4841 
焯 7199 
然 8 315 906 1645 1982 1993 2667 3362 3363 4476 4840 6064 6228 6229 6774 6775 6926 6954 7067 7573 
煌 2889 5660 
照 564 1968 3131 3227 3523 4305 5251 5253 6617 7631 
煽 1012 6721 6722 
熟 2653 3374 
燃 4911 4912 
燕 7340 
爆 5573 5574 7056 
爱 291 293 1315 1680 1750 1767 1836 4074 4387 5005 5007 5654 5655 
父 2338 5651 
片 334 1717 1908 2406 3131 3212 3534 4048 4067 4081 4104 4115 6293 
版 2388 3865 7211 
牌 564 2827 2853 3348 5738 5740 6995 7489 7553 
牛 4738 
牢 3200 6946 
物 529 530 1025 1026 1042 1043 1065 1070 1075 1219 2249 2332 2334 2358 2937 3035 3338 3367 3368 3677 4009 4256 4663 5578 6283 6284 6758 6924 6927 7144 7455 
牲 2113 2114 
牵 6189 6191 7550 
特 228 229 283 335 1055 1058 1136 1283 1751 1784 1848 1851 1961 2642 2863 3187 3188 3456 3477 3965 4692 4740 4744 4745 5104 5419 5497 5876 5960 6165 7109 
牺 2113 2114 
犯 4591 4608 4609 5908 5927 
状 37 675 677 5054 5055 7359 7466 
狂 1423 5633 5634 
独 1751 1826 1990 3501 4554 4819 4820 5449 
狭 4307 
狱 4616 
献 918 2071 2087 5479 5541 5667 5990 6243 6546 7174 7175 7314 7315 
猷 4800 
率 897 5202 5398 5514 5860 6023 6573 6717 6853 
玉 1038 4454 5552 5553 5560 5564 5565 5566 6485 
王 3663 4416 4799 5184 5513 6463 7410 
玛 5376 
玩 6003 6980 
玮 3243 
环 914 1338 3313 3717 3718 4281 4428 4710 5221 5621 5732 7475 
现 299 331 624 820 1256 1299 1452 1546 1808 2169 2243 2350 2351 2886 2887 3336 3337 3498 3781 3782 4025 4331 4399 4519 4796 4807 5060 5260 5335 5412 6383 6659 7359 
珍 1069 1070 7036 
珠 2189 2192 2410 2503 2566 2647 3332 3547 4508 4512 5305 6656 7134 
班 639 3170 3439 3440 6603 
球 845 3990 5221 7039 7040 
理 127 133 1522 1809 1846 2238 2944 2945 3224 3367 3368 3407 3486 3811 3923 4450 4537 4563 4653 4746 5096 5152 5194 5195 5223 5252 5253 5356 5557 5724 5725 5726 5822 5943 5978 5979 6014 6359 6434 6728 6746 6747 6775 6808 6927 7098 7190 7277 7351 7352 7512 7535 7628 7650 
琉 1209 1210 
琢 6663 
琴 3152 3153 5664 5665 
琼 2091 
瑜 4504 
瑞 2707 4747 7410 7413 
瑟 5106 
璀 2409 
璃 1209 1210 
璧 7132 7133 7134 
璨 2409 
瓦 793 1210 
瓶 1146 3400 7461 
甚 1200 
生 279 378 401 437 438 529 530 927 928 930 982 1526 1668 1733 1747 1921 1922 2044 2301 2326 2334 2347 2358 2524 2715 2716 2937 3008 3045 3046 3313 3363 3398 3469 3470 3572 3573 3615 3678 3848 4107 4362 4494 4495 4525 4700 4766 4836 4945 5219 5227 5450 5590 5690 5981 6031 6047 6048 6203 6206 6210 6227 6289 6290 6643 6755 6756 6924 6960 7186 
用 617 737 1124 1405 1532 1552 1554 1672 2665 3138 3567 3790 3802 3804 3994 4173 4174 4285 4374 4379 4917 5037 5038 5041 5840 6193 6348 6349 6458 6466 6488 6669 6670 6697 7138 7159 7363 7391 7473 7511 7643 
田 2187 2312 2313 4349 5371 6334 6335 6584 
由 298 944 1551 1664 3934 4555 5509 
申 345 7584 
电 5 3250 4195 4196 4197 4667 4853 4854 4908 4909 4910 5300 6468 6483 6484 6661 6929 6930 6932 6933 6934 6935 7130 
男 4702 
画 1204 1257 1361 1362 1363 2823 2834 4947 5150 6258 
畅 3988 7312 
界 1500 1501 1792 1801 2247 2955 3259 3801 3862 4550 4557 4845 4862 4871 5118 5132 5133 5134 6125 6171 6183 6302 6448 6729 6827 6849 7073 7381 7405 7531 7645 
畏 5082 
留 1060 3058 4000 4130 4322 5429 5551 5872 5873 6246 6315 
略 2450 4163 4164 4204 4636 5497 
番 2833 6307 6308 
畴 3704 
疆 2953 
疑 1489 1652 6269 6270 6964 7113 7114 
疗 3055 4014 4525 6144 6540 
疫 28 641 683 951 1915 3687 
疼 1096 
疾 2983 5779 
病 676 677 935 2983 2986 2994 3001 3003 3019 3060 3061 3669 3670 3671 4003 6871 6975 6978 7243 7244 
症 3001 5054 5055 
痕 6628 
痛 6242 
瘤 4709 
瘴 6837 6838 6839 
登 209 255 3550 3551 4022 4672 4716 7602 
白 1170 5460 5468 6626 7287 
百 824 826 898 900 1429 1430 1431 1560 1561 2368 2369 2370 2575 2972 3645 3647 3649 4051 4052 5344 5511 5802 5803 5804 6353 6987 7516 7517 7518 7519 
的 25 1052 1053 1459 1943 3380 4403 4668 4916 4986 5589 5674 5700 5976 6415 6459 6914 
皇 1390 3913 5377 
皓 985 
盈 869 3154 3155 
益 1557 2825 3064 3065 3066 3412 3751 4080 4142 4933 4934 6857 7497 
盎 3362 3363 
监 960 4110 4111 4112 4119 4577 4682 5100 5259 5294 5295 5909 7479 7576 
盖 1474 2517 5104 
盘 1198 3813 6765 
盛 3617 
盟 654 5562 
目 466 538 648 1049 1052 1053 2241 2242 2305 3724 3928 4086 4138 4766 5442 5443 5473 5475 5544 5551 5964 6642 6770 6772 6876 
直 831 1609 2783 3251 4581 5310 
相 311 467 1585 1586 1587 1705 1880 2093 2094 2254 2512 3024 3025 3395 3396 3410 3509 3524 3807 3808 4056 4576 4874 4876 5704 5959 6033 6940 6941 6942 6943 7087 7248 7331 7333 
盾 3459 
省 2183 2706 2856 3275 3283 3463 3464 3713 3714 3795 5360 5538 6274 6709 6984 7585 
看 1104 1225 1227 1875 2010 2319 2320 4975 5086 5365 5708 6431 6610 6860 
真 1459 1606 1626 1977 1980 3288 3289 7382 
眼 2235 4971 6183 6391 6629 7381 
着 153 578 1061 2302 3218 3354 4827 5233 6030 6280 6396 6620 
督 4682 6515 
睹 5437 
睿 7544 
瞄 3384 
瞩 2241 2242 
瞰 3088 
瞻 7513 7514 
知 522 524 1009 1308 1603 2901 3926 5993 
矩 2008 
短 2541 2831 3076 4048 4382 4383 4412 4668 4897 
石 2935 5562 7048 7071 7176 
矿 2419 2420 2421 7048 
码 518 1697 3228 5320 5904 
研 488 511 817 2702 2940 3369 3928 3944 4179 4547 4548 5966 5981 6367 6908 7169 7370 
破 1284 1286 1525 1619 2692 2865 2879 3981 5402 7560 
础 1625 4178 4957 
硅 2908 
硕 3472 3473 
硬 1278 6612 
确 778 780 934 1559 1602 1882 2470 4335 5386 5388 5679 6664 7266 7277 7278 
碍 2740 6005 
碑 1967 2153 2161 
碧 6585 
磁 4913 4914 
磅 2974 
磊 5059 
磋 3753 
磨 5550 6663 6710 
礴 2974 
示 21 137 724 1811 2289 2726 3193 3970 4656 4673 5558 6595 6730 
礼 797 1598 2478 2479 4629 4754 6538 6882 
社 227 395 738 1501 1528 2089 2885 3305 3452 3769 4143 4276 4286 4475 6741 6783 6802 6803 7490 7491 7571 7578 7606 7607 7609 
祈 3435 
祉 4359 
祖 2212 2437 6178 
祝 2471 
神 1820 1822 6168 6170 6546 
票 59 
禁 1092 1093 5083 5909 
禄 7542 
禅 3111 
福 651 2312 2313 3083 3435 3794 3795 4359 4654 
禧 2548 
禺 6307 6308 
离 710 1040 1388 1709 2453 2458 2601 2602 4561 5490 5524 5525 6066 6067 7625 
秀 994 3364 3365 4535 4795 6167 7395 
私 544 545 1868 5384 5385 6968 
秉 5199 
秋 5545 5546 
种 684 1536 2427 2428 2431 2987 3180 3181 3857 4206 5162 5582 5671 6023 6330 6339 6347 7335 7336 7371 
科 367 368 480 488 506 530 833 844 2583 2598 2599 2618 2964 3280 3371 3928 3935 4207 4821 4835 4862 4892 4893 4920 5296 5297 5410 5901 5961 5975 6465 6876 6887 6889 7038 7040 7080 7081 7082 7083 7155 7156 7292 7293 
秒 2324 2325 
秘 5727 5728 6132 6133 7053 
租 3294 4159 4283 4374 
秩 1543 
积 51 504 1084 1618 1620 2276 2443 5839 6512 6862 7595 7596 7637 
称 681 859 1048 1347 2200 2396 
移 527 3484 3485 4901 5394 5787 7598 
程 251 520 1165 1833 1966 1967 2762 2778 2784 2888 2925 2926 3340 3343 3483 3845 3846 3956 4855 4960 4962 5030 6676 6677 7358 7427 
稍 7252 
税 866 2429 2430 2625 2628 2631 3707 4915 4928 4929 4990 5781 5783 7572 7603 7629 7632 
稚 7338 7339 
稳 583 1510 1684 3686 4101 5819 6061 7428 7486 
穆 5441 6762 
穗 3723 
究 511 2702 3369 5981 6367 7169 
空 361 790 3087 3315 4368 4564 4565 5592 5593 6417 
穿 2800 3643 
突 2043 2692 5402 6243 7560 
窄 3157 
窒 6005 
窗 7597 
窝 4296 
窥 7051 
立 263 304 550 605 1615 1826 1984 2205 2361 2518 2585 3052 3053 3054 3222 3379 3992 4554 4770 4866 4868 5035 5262 5713 6252 6263 6265 6547 7278 7309 7310 
站 660 661 1864 2109 2608 4514 5051 5291 6930 6932 6933 7142 
竞 2215 2309 2463 2464 6913 
章 2923 3246 6277 6278 7565 7566 
童 3091 3093 3370 3372 6301 6302 
竭 108 
端 2622 3134 5396 7480 
笑 6394 6690 
笔 6387 
笙 5646 
笛 5649 
符 640 1607 4336 4576 5766 
第 695 697 769 943 1118 1561 2172 2474 2476 3174 3219 3636 3680 3695 3698 3771 3775 3777 3890 4602 4603 4641 4642 4644 4729 4905 5010 5012 5072 5350 5636 5756 5794 6403 6667 7142 7401 
等 77 1103 1398 1945 1946 2277 3312 3946 3948 4002 4220 4221 4222 5180 5181 5702 5703 6024 6787 7019 
筋 6602 6611 
筑 1185 1187 3145 4256 5609 
答 2502 6268 7000 
策 642 1426 2626 3712 4093 4636 4929 4988 5798 7314 7315 
筹 250 1172 2677 3538 4235 6863 6988 6989 
签 277 5401 6271 7406 
简 635 681 3902 
算 3785 4830 4831 5747 7011 7640 
管 127 313 1163 1507 1846 2944 2945 3224 3819 4411 4450 4563 4653 4660 5027 5294 5295 5356 5405 5890 6359 6506 6542 6728 6808 6959 7510 7512 7576 
箱 3140 
篇 1927 7564 7565 7566 
篮 2072 
篱 4927 
籍 2842 2845 3221 3235 5172 7652 
米 709 3053 3054 3512 4118 6474 6604 6705 
类 368 698 1816 2906 3838 4400 6516 7216 
粒 2966 
粤 656 784 3295 3479 3570 3579 3892 5603 5883 7585 
粮 7075 
精 201 1820 1822 1904 4066 4121 6170 6546 6664 7069 
系 517 1916 2102 2423 2483 2484 2932 3179 3388 3891 4042 4230 4710 4712 4855 5712 5894 6198 6801 6803 6897 7116 7117 7232 7358 7499 
素 1138 1213 3793 7063 
索 1807 2727 3252 4628 4631 6961 
紧 949 1230 1231 1795 1797 2623 3270 3324 3403 3894 4318 4319 4919 5746 6897 
紫 1093 6088 6089 
累 147 1084 1436 1620 2443 
繁 314 1392 1541 2795 6057 
纠 7416 
红 1211 2821 3106 4008 5542 5543 6357 7449 7451 
约 32 1596 2393 2915 3068 3401 4343 5324 6124 6271 7469 
级 1140 1258 1271 1478 2174 2247 2760 3039 3171 3377 4220 4221 4222 5285 5286 5360 5512 6123 7555 7556 
纪 1659 1824 2153 2206 2535 2536 3741 3742 4047 4081 4899 6771 6772 
纬 2701 
纯 6378 
纲 777 1659 1876 5461 
纳 782 4016 4791 5336 7630 
纵 906 2128 2129 3461 5568 5570 6814 
纷 1869 6730 7416 
纸 6618 
纺 7127 7129 
纽 2393 4562 6124 
纾 4278 
线 1584 1807 2228 2526 2531 2532 2806 3046 3425 3426 3427 4949 5731 5957 5958 6122 6189 6191 7250 7450 7451 7582 
练 638 639 3952 6138 
组 541 1941 1943 2135 2635 2651 2930 3817 3884 3885 3937 4690 6069 6125 6153 6678 7015 7043 7083 
细 3743 4391 5045 5046 5585 6614 7200 
织 541 2135 2522 5742 5743 6125 6678 7015 7083 7127 7128 7129 
终 1015 2336 2817 4314 
绍 260 694 
绎 5519 
经 469 744 850 919 965 1261 1267 1936 2195 2197 2271 2278 2434 2701 2813 2863 3582 3710 3720 3769 4122 4431 4432 4649 4974 5067 5068 5069 5194 5195 5223 5325 5351 5364 5411 5758 5786 5843 6364 6451 6452 6896 7510 
绑 6606 
结 87 574 967 1695 1861 1878 2053 2188 2559 2560 3471 4004 4228 4715 4716 5672 5959 6445 6609 6741 7368 7640 
绕 1796 1797 
绘 3424 
给 1676 3255 4226 5156 
络 1852 2519 2521 3885 6884 6894 
绝 493 1158 1987 1988 2005 2006 2014 2017 6731 7085 
统 517 1218 2677 3264 3265 3538 4420 4710 4712 4930 7358 
继 667 1839 
绩 19 
续 169 625 667 862 946 3904 3905 3906 4364 4449 4464 
绮 6143 6464 
维 41 290 3220 3535 4120 4965 4966 5591 5592 5593 5917 5920 5922 5962 5971 6255 7022 
综 239 4326 5048 6337 7559 
绽 5084 
绿 3086 3522 
缅 1825 
缓 4279 5845 6077 
缔 1742 1743 
编 202 3676 4329 5111 5119 5480 5481 7198 7201 7205 
缘 204 2558 2559 2560 4875 5566 6558 
缝 2668 6704 
缩 2541 2785 5258 
缴 7603 7630 7639 
缺 361 2623 4898 6885 6886 7283 
网 2 351 632 1864 2519 2520 2521 3105 4061 4062 4136 4263 5161 6884 6892 6893 6894 7583 
罗 652 1876 2106 5947 
罚 5930 
罢 1997 
罩 707 
罪 976 1014 3919 4604 4608 4609 7012 7018 7027 7028 
置 384 2605 4255 6434 6476 7468 
署 277 928 1322 1324 1351 2198 3881 4164 4742 4745 4746 6165 7476 
美 1223 2057 2329 3314 3457 4076 4543 4544 5653 5674 5875 5876 6593 6594 7085 7100 7101 7102 
群 689 1310 2134 2135 2248 2304 3344 4213 4276 6069 6846 
翁 5647 5650 
翌 4694 
翔 1810 3506 5900 
翠 3549 
翱 5900 
翻 2832 
翼 5017 
耀 978 1006 7014 
老 3448 4940 5521 6210 6353 7202 7204 
考 393 743 1263 2459 3306 4493 
者 7 74 292 293 712 714 721 1144 1383 1384 1579 1580 1611 1612 1680 1702 1743 2721 2874 2875 2924 2943 2944 2945 3034 3062 3122 3123 3343 3389 3789 3833 5006 5007 5056 5094 5567 5720 5721 5769 6252 6253 6255 6322 6768 6903 7015 7166 7167 7183 7208 
而 197 576 1247 1701 1973 1982 2120 2612 3215 3326 3639 3787 4879 5110 6835 7296 7326 
耕 4472 
耳 5145 5473 5475 
聂 6026 7367 
职 269 270 360 470 1464 1553 1554 1631 1673 2036 2037 2477 2479 3951 3993 3994 4574 4674 4691 4786 5762 6871 7276 7280 
联 654 742 1780 1844 1852 2460 2741 2932 3098 3168 3269 3622 3623 3624 3625 3689 3690 3691 3885 4210 4212 4363 4723 4734 4936 5361 5362 5672 5723 6092 6093 6111 6124 6133 6141 6195 6481 6821 6822 6892 6893 6897 7083 7117 7132 7134 7499 
聘 434 2844 
聚 154 1221 2041 2444 2619 2910 2911 4073 4315 
聪 5947 
肃 1658 
肆 1524 4804 
肇 2414 2646 3679 
肓 3002 3003 
股 4888 6422 
肩 2899 4768 6813 
肯 1514 1515 
育 1768 1858 2814 2950 3101 3455 3724 4490 4498 4957 5695 6339 6340 6729 6787 6799 6880 6903 6944 7179 7289 7292 
肺 27 
肿 4709 
胁 6073 
胆 2894 
背 199 573 1537 1656 2382 6835 
胎 1142 
胜 5085 6917 6919 
胞 2211 5204 5206 
胡 5663 
胸 4921 6178 
能 102 409 705 885 1646 1648 1881 2006 2614 2689 2898 3178 3366 3368 3402 3993 3994 4005 4018 4079 4527 4528 4952 5003 5322 5372 5762 6015 6186 6782 6928 7097 7415 
脆 5526 
脉 3010 3023 3025 
脏 5531 5533 
脑 2967 6661 
脖 3381 3382 
脚 1090 2977 2978 
脱 1246 1247 6321 
脸 6394 6625 
腹 1141 1142 3358 
腻 5585 
腾 2069 2126 2203 2952 3536 
腿 7634 
膏 3002 3003 
膜 4814 
臂 7483 
自 144 424 815 905 959 1311 1313 1314 1320 1343 1497 1601 1972 2114 2151 2285 2848 3480 3531 3596 3814 4030 4555 4840 4866 4867 4868 5413 5464 5481 5695 6204 6205 6231 6751 6926 7067 7189 7383 7554 7573 
至 84 93 762 939 1192 1194 1200 2545 2785 2971 3544 4581 4818 5753 7120 7495 
致 652 813 916 917 1511 2073 3682 4308 5270 7086 
臻 1778 4116 
舆 7360 
舍 1296 
舞 205 2955 5060 5061 5062 5064 5088 5094 5099 5111 5119 5457 5458 5459 5472 5594 5600 5661 5663 6116 
舟 1813 
航 2298 2912 3136 3483 4507 4559 4564 4565 5899 
般 507 
舰 5034 
舵 2299 
舶 3236 
船 3235 3236 4883 6696 7075 
艘 2257 
良 1681 2558 2559 2560 2694 3316 4215 5565 5566 7090 7124 7316 
艰 3037 3392 3393 
色 216 1699 2642 2773 2774 3522 4008 4663 4881 5101 5876 6626 7047 7109 
艺 112 4127 4129 4961 5048 5074 5100 5134 5153 5444 
节 702 2581 4391 4426 4427 5043 5074 5280 5281 5324 5442 5443 5551 5599 5621 5732 6086 6087 6275 6276 6665 6709 6848 7195 
芃 7547 
芋 6342 
芬 7191 7199 
花 453 824 826 2072 5023 5070 5782 5783 6299 6325 6331 6334 6796 7088 
芳 673 6282 6284 
芷 7357 
苏 911 1787 2058 6155 6983 6984 
苗 683 2187 6340 
苞 6343 
若 3770 4689 4925 5044 5249 6060 
苦 1900 3037 4956 6241 6637 6638 
英 963 1001 2121 2123 3436 4091 5982 6411 7318 
茂 4539 4546 
范 1595 1831 2726 2737 2841 3704 3803 3804 3970 4625 4691 6560 
茅 6645 6647 
茜 4416 5345 
茨 5502 5503 5504 
茶 7659 
荆 6088 6089 
草 242 
荐 6192 
荒 3028 
荔 6590 6591 
荟 5452 
荡 1180 2144 
荣 1541 1975 2795 3651 4856 6217 6244 6245 6660 6804 
药 2352 2353 2354 2357 2358 2937 7108 7143 7144 
荷 5105 
荼 2588 6826 
莉 6272 6288 
莎 5496 
莞 2412 2649 
莫 70 116 5419 5666 
莱 5498 5499 
莲 7088 
获 346 623 2924 3070 4065 4381 5299 5696 5697 6068 
莽 1783 
菲 759 
萃 5452 
萌 2347 
营 49 519 901 909 1868 2878 3168 3466 5364 5781 5843 6213 6493 6494 7377 
萧 4071 4096 
落 537 582 839 840 1386 2592 2977 2978 3289 3299 3470 3969 4346 5031 5032 5033 6219 6680 
葆 2896 
著 893 3188 3210 5639 
葡 4675 5858 7115 7417 
董 6480 7348 
葵 5319 
蒙 5288 6303 6304 
蓄 3416 3418 6004 
蓝 2293 6260 7249 
蓬 4825 6103 
蔓 2995 2997 
蔚 2751 2753 5912 7008 
蔡 978 1005 5231 
蕴 5124 5125 
薄 3397 4814 
薛 499 
薪 441 2092 2094 4587 7264 
藏 1039 1067 1269 1317 1357 
藩 2149 4927 
虎 2796 6619 
虐 4804 
虑 743 6964 
虚 555 1222 
虹 2749 2808 
虽 6954 
蛇 5460 5468 5881 
蛟 2069 2126 2202 
蜀 2178 
蝉 4734 
融 211 374 528 566 3240 3891 3973 4234 4450 4509 4551 4558 5126 5356 5423 7635 7651 
血 772 1641 3023 3025 
行 68 73 126 231 254 547 588 590 959 984 1057 1058 1268 1509 1538 1567 1610 1611 1612 1684 1777 1848 1851 1961 1970 1988 2307 2374 2597 2730 3077 3229 3670 3671 3845 3846 3965 4152 4155 4156 4399 4529 4573 4783 5027 5357 5598 6165 6261 6419 6495 6498 6499 6500 6512 6773 6809 6986 7490 7491 7492 7494 
衔 3205 
街 3108 4250 5864 
衡 4408 6575 
衣 6685 
补 444 891 3562 3563 3725 6441 6870 
表 21 711 712 798 803 804 1253 1808 1957 1959 3357 3861 4656 5078 6527 6569 6717 6718 6730 6793 7268 7627 
衰 6219 
衷 415 
袁 5912 7006 
袖 3431 4793 
袤 4133 
被 972 1008 1046 4613 4615 
裁 69 125 3835 3844 5942 
裂 2593 
装 501 1427 2605 3516 6388 6476 6996 
裹 5292 
褐 2984 
西 761 1128 1229 1409 1410 1411 1412 2766 2963 3571 3577 3583 3589 3590 5127 5128 5547 5941 6312 6388 6644 
要 296 766 777 914 952 1138 1346 2470 2486 2900 2991 3286 3323 3741 3742 4154 4479 4480 4661 5685 5732 5902 6053 6060 6160 6460 6898 7159 
覃 2704 
覆 2517 5974 
见 259 2179 2320 2654 3745 4068 4070 5346 5866 5994 6050 6531 6583 
观 187 731 732 1082 1216 1383 1384 1721 1875 2752 2753 3097 4967 5714 5730 5849 5850 6471 6472 7437 7534 
规 600 846 1050 1051 1163 1285 1286 1566 1595 2008 2765 2868 3204 5833 7161 7162 7527 
觅 4344 4404 
视 72 789 1212 1337 1521 1832 2468 2835 4277 5444 5888 5889 6000 6071 6136 6785 7036 7164 7355 7356 7394 7580 
览 848 1865 4725 6562 6563 
觉 451 1212 1228 5444 7383 
角 216 1386 1832 2067 2068 2190 2191 2192 2503 3385 3594 4819 4820 4881 4923 5020 5021 7076 7077 
解 352 1565 1619 2042 2732 2733 2968 3027 3812 3847 4650 4748 5152 5845 5994 6269 6270 6856 6963 7277 7420 7525 7535 
触 1389 4591 5265 6314 
言 576 1955 1956 4540 4572 5122 6559 6724 7302 7313 7315 7396 7398 
詠 7322 
誉 1744 1746 4856 5434 6832 
誓 271 1573 4572 4577 4786 
警 4598 4599 4618 7221 7222 7236 
计 147 175 364 1122 2838 3264 3265 4419 4420 4670 4960 5409 5765 5768 6354 6356 6509 
订 240 4684 5401 5859 6864 7119 7260 7406 
认 463 609 974 1332 1340 1603 2909 3288 3289 4335 5682 6159 6828 6829 6843 6879 7012 7266 7447 7464 7465 
讨 1164 3887 3888 4547 4548 5363 5414 
让 457 4020 
训 638 639 2196 2197 3293 3952 3954 5230 6759 7376 
议 257 288 1300 1544 1545 1963 2219 3691 4092 4339 4725 4757 5013 5381 5745 5862 5998 6736 6737 7163 7164 7406 
讯 662 2952 4232 5410 5953 6468 6484 
记 7 74 255 2077 2283 2284 3116 3200 4506 4716 6292 6621 6622 7210 7214 7602 
讲 1254 1428 1434 1722 2485 2486 2946 4650 6140 6208 6209 7273 
许 796 1710 2007 2106 3067 3219 3853 6578 6905 
论 1454 1877 2939 3887 3888 4849 5363 6013 6524 6724 6895 7360 
讼 3843 
设 420 1122 1799 1965 2175 2205 2762 2838 3034 3343 3442 3834 3900 4178 4253 4254 4362 4670 4688 4815 4960 5050 7215 7468 7557 7567 7574 7575 
访 449 887 892 1037 1108 3192 5245 5246 5275 
证 725 1454 2179 2860 3225 3349 4160 5799 5800 6232 7602 7604 7631 
评 130 852 854 1336 3867 5343 5380 5687 5688 6736 6737 
识 522 524 1340 1604 1933 3926 6475 6902 7266 7291 
诉 1406 2040 3843 6115 7017 
诊 934 3009 3069 
诋 1644 
词 2656 2949 
试 2731 2849 2850 3196 3234 3322 3744 4493 4495 5371 5789 
诗 6021 7321 
诚 1626 1978 1979 1980 2869 3478 
话 1413 1958 1959 2376 2485 2486 2946 5451 5478 6301 6302 6398 6399 7091 7092 
诞 6227 
询 4666 7282 7615 
该 174 2103 3675 4067 5304 5462 5705 5939 6599 7009 7293 7476 
详 3908 6533 7200 
语 3180 3181 3436 3620 4675 5883 6559 7116 
误 6828 6829 
说 450 569 671 1449 2011 2012 2013 3465 4403 4980 5466 5467 5970 6404 6440 6447 6568 6569 6963 7135 7140 7410 
请 345 431 434 655 1111 
诸 1487 1488 
诺 1571 7493 
读 245 1462 3446 4489 4594 4595 4946 6920 7525 
课 3956 4962 6900 6901 6906 6909 6911 6924 6927 6945 
调 119 679 908 2940 3672 5379 6678 6692 6869 7246 
谈 636 637 1958 1959 2931 3740 3742 5129 7312 
谊 1802 5361 5362 
谋 425 1647 2449 4750 4751 5926 7026 
谐 2050 
谒 2160 
谓 1983 5692 
谢 4036 4656 4985 
谣 4540 
谨 6049 6051 
谩 6011 
谭 4733 4737 
谱 6651 
谴 6739 
谷 2908 4434 4810 4925 5839 6343 
豁 690 
象 1547 2243 2794 2795 4390 5146 5147 5431 5432 5555 6403 
豪 1343 6110 7189 
貌 1382 6169 6170 7072 7654 
贝 5650 
负 870 1548 1550 2628 3619 3855 3860 3975 4393 4768 6139 6812 6813 
贡 918 2087 5990 6243 
财 16 18 31 133 1821 1822 3829 4338 4538 4990 5351 5798 6728 7504 
责 1498 1631 1674 1679 1707 1974 3855 3859 3860 6739 6780 6899 6947 6951 
败 2873 2874 2875 6264 6265 
货 2249 2432 4418 4422 4425 4439 5313 5314 
质 1652 2734 2735 2736 3282 3757 3758 3806 5226 5227 5427 5578 5586 6167 6185 7046 7070 7084 7282 
贫 4386 6305 6306 6321 
购 3302 3708 4009 
贯 1494 2528 3969 
贴 444 1208 4332 7500 
贵 1069 1070 1819 6273 6274 6531 
贷 4157 
贸 2813 2848 3230 3596 3720 3870 3875 3876 3877 4471 4560 4676 5290 7405 
费 178 1124 3100 3710 3905 3906 5823 5833 7287 7437 7629 7639 
贺 3478 
贾 5553 
赁 4159 
资 333 441 560 615 628 662 2151 2907 3035 3072 3073 3074 3075 3080 3240 3267 3268 3273 3339 3514 3515 3789 4229 4235 4286 4319 4342 4510 4659 4832 5410 5985 6355 6356 7178 7512 7573 7599 
赋 1608 7415 
赏 5138 5448 5529 5588 5620 5627 
赖 1778 2372 5963 5969 
赛 713 714 1119 1120 1925 5686 6913 
赞 2021 4657 5434 6079 
赠 1121 1791 
赢 2365 3147 4041 
赣 3584 3585 
赤 7503 7504 
赫 6277 6278 
走 1148 1385 2580 2722 3627 4541 4764 5321 5829 6119 6171 6215 6257 6327 
赴 1760 6131 
赵 6834 
赶 6029 
起 682 861 1293 1486 2260 2317 2612 2881 2882 2931 3126 3893 5407 5680 5899 6050 6404 6690 6812 6813 7281 7390 7488 7591 
超 151 1288 2272 2674 2760 2780 3633 4813 5748 
越 1582 1583 2380 2381 2522 2523 2739 3643 3727 3759 6037 6433 6844 
趋 2629 3403 3727 3999 4824 6467 7486 
趟 2544 5239 
趣 213 472 473 
足 491 827 889 890 1277 1422 2688 3082 3379 4860 5014 5015 5422 6639 6640 6957 
跃 373 2399 
跌 92 
跑 7634 
距 710 1387 1388 2754 3524 4267 6066 6067 7625 
跟 2341 6958 
跨 646 2377 2739 2761 2799 3759 5308 7531 
路 381 2577 2578 2893 2958 3159 3199 3420 3425 3427 3761 3762 4196 4197 4217 4218 4222 4433 4640 4775 4776 4777 4781 6652 6653 6939 
跳 4536 5090 5092 
践 1683 6232 6247 6254 7037 
踊 373 
踏 491 3390 5604 7037 
踞 6765 
踪 7484 
蹈 5061 5062 5064 5088 
身 427 492 1265 1329 1497 2119 2120 3631 5081 5159 5160 5501 6075 6386 6451 6452 6777 6778 7397 7398 7619 
车 388 2569 2570 2784 3163 3527 3528 3532 3898 5241 6380 7426 7442 7478 
轨 1806 2055 2224 2231 2527 2564 2669 6668 
转 527 1666 1698 2024 3376 4205 4447 4448 5878 6362 7530 
轮 2259 3414 3415 4282 4327 5755 5756 5792 5793 5794 5801 6854 
软 2819 4187 
轰 2587 
轻 391 392 2099 4190 4304 5456 6668 
载 2611 6380 7214 
较 141 1485 2933 3976 
辅 1585 1587 
辆 3528 7419 
辈 5492 5493 5494 5701 
辉 1723 2335 2889 7235 
辐 3566 
辑 4964 4966 7205 
输 936 4320 6696 7032 7123 7423 7424 
辖 3819 5404 5405 7441 
辛 1900 7346 7347 
辜 6139 
辞 813 1326 6010 
辟 4137 
辨 6214 6816 6818 7447 7465 
辩 6524 7000 
辰 5210 
辱 6244 6245 
边 1302 2998 3575 3576 6075 6196 6197 6198 6579 6592 
达 98 1071 1241 2398 4225 4486 4516 4982 4983 5078 5317 5337 6442 7110 7120 7590 
迁 2168 7168 
迅 4457 
过 151 246 485 871 1083 1165 1261 1353 1462 1691 2377 2722 3081 3711 4251 4252 4999 5812 5814 6916 
迈 295 
迎 1371 1372 1663 4645 7219 7353 
运 49 430 909 2251 2597 2671 2672 2673 3628 4172 4173 4174 4285 4320 4559 5316 5318 6409 6696 7031 7032 
近 422 567 763 1196 1387 1388 1517 1793 1960 2138 2186 2282 2368 2370 2843 4823 5842 6215 6218 6326 6432 7228 7248 7500 7608 
返 765 6413 6428 
还 301 554 614 1184 1379 6053 7136 
这 330 452 587 1112 1250 1272 1303 1397 1458 2290 2406 2529 2987 3510 4029 5077 5239 5520 6080 6437 6541 6576 
进 249 254 265 666 1456 1617 1618 1769 1817 1818 1874 1918 1919 2045 2451 2491 2632 2680 2883 3208 3355 3963 4424 4425 4437 4438 4463 4500 4530 4764 6238 6708 6825 6939 6958 7579 
远 977 998 1287 1511 2775 2959 3423 3525 4287 7427 
违 1017 1537 1573 1702 5867 6723 6809 
连 157 862 1232 1243 1244 2747 2757 2783 3024 3025 5112 6122 6406 6703 6851 6877 
迪 10 
迫 4257 
述 726 1722 7209 7268 
迷 4380 
迹 1716 1806 2061 5422 6731 6763 6918 6919 
追 1224 5187 5421 5751 7193 7484 
退 5314 
送 1049 2251 4987 5267 7590 
适 383 1334 1700 3802 3804 4289 4375 5047 5447 7331 7332 7333 7412 
逆 7505 
选 237 253 465 1249 1260 1335 1463 1939 4095 4149 5343 6229 7069 
逊 5487 5488 
透 414 5719 6548 6550 6916 
逐 2306 3126 3309 3654 5848 7487 
递 5601 
途 4379 
逗 4000 
通 173 246 740 1462 1800 1952 2108 2229 2384 2520 2521 2528 2564 2569 2741 2763 3136 3194 3453 3799 3800 3988 4211 4212 4225 4232 4509 4981 4983 5310 5366 5846 5847 6398 6399 6483 6484 6557 6875 7031 7032 7087 7291 7524 7551 
逛 5439 
逝 1758 
速 387 2355 2533 2578 2603 2604 3933 4218 4457 5366 6426 6427 7424 
造 924 1123 1178 1215 1742 1743 2461 3049 3466 3533 4181 4511 5120 7183 
逢 3616 6653 
逻 4964 4966 7242 
逾 110 1582 1583 
遇 372 3298 3312 3553 4033 6654 7536 
遍 6158 6159 6296 6297 6327 6489 
遏 3020 
道 1308 2224 2564 2763 2802 2803 2893 2912 2959 3095 3866 4410 5323 5366 5435 6835 
遗 668 670 2176 5535 5579 5580 6246 
遥 4271 4272 
遭 2146 4033 
遵 1889 1890 2488 
避 4478 5395 
邀 655 
邓 3394 4601 4816 6791 
那 1097 1242 1302 2110 3495 5675 6293 6300 6313 
邮 5330 5331 7589 
邹 5210 
邻 2138 3211 
郊 6492 
郑 233 413 3770 4735 5327 6031 7191 
部 482 687 818 819 1781 1782 2107 2198 2683 2696 2851 2852 2867 3577 4082 4163 4164 4490 4566 4743 4745 4749 5077 5326 6047 6048 6124 6134 6165 6312 6504 6674 6713 6714 7074 7212 7213 7216 7365 7366 7374 
郭 3242 4499 4507 6481 6630 
都 591 1420 6449 
配 3099 3895 3901 4329 5630 5784 6187 6608 6941 6942 6943 7334 
酒 38 
酬 7546 
酸 692 6688 
醉 5595 5599 5600 
醒 2076 
采 1708 2419 2421 3790 5177 6117 6773 
释 1565 2820 6236 6270 
里 330 571 572 1444 1966 1967 2264 2266 2267 2575 2756 2916 4984 
重 82 100 153 165 208 296 314 339 786 789 914 1309 1356 1671 1974 2054 2059 2087 2167 2486 2602 2876 2959 3779 3786 3817 3912 4032 4086 4277 4440 4975 5015 5169 5393 5685 5732 5932 6000 6136 6642 6752 6891 6898 6938 7033 7034 7560 
野 1337 5070 6296 6297 6492 7394 
量 888 1263 1395 1634 1720 1894 1895 2246 2270 2271 2672 2673 2735 2736 3642 4079 4418 4423 4859 6147 6855 
金 503 528 566 1126 1127 1441 1773 1774 1775 2389 2391 2392 3273 3294 3488 3891 4151 4234 4319 4331 4450 4551 4558 4658 4659 4832 5063 5282 5356 5564 5565 5566 5744 5778 5805 6089 6506 6657 6666 6862 6872 7541 7596 
鉴 1217 3998 
鑫 4499 
针 1969 3013 4839 5821 
钗 5563 
钟 2255 2929 3051 3365 4822 
钢 2231 6602 6658 6694 
钱 453 1139 
铁 2221 2227 2531 2532 2563 4217 4218 4738 6338 6490 
铜 5915 5916 
铧 4501 
铭 7024 
银 547 3164 4152 4167 5357 7655 
铺 2294 4779 
链 729 3375 4209 
销 519 868 3851 3873 
锂 4908 4910 
锋 5907 5938 
锐 6262 
错 2678 5569 5570 6577 
锚 2960 
锢 5083 
锣 1230 5915 5916 
锦 4349 7191 7223 
键 2028 2029 2897 3209 4188 6248 6716 7391 
锻 4963 
镇 4733 5647 6328 6752 
镜 6391 7446 
镶 3333 
长 181 230 231 446 497 498 748 1106 1305 1324 1433 1502 1503 1649 1782 1883 1885 1886 1893 2109 2148 2527 2706 2749 2779 3545 3593 3594 3751 3755 4072 4287 4449 4600 4751 5296 5297 5583 5649 5710 5725 5726 5728 5769 5884 5885 5886 6145 6146 6163 6290 6603 6790 6830 6962 7180 7233 7320 7352 7529 7660 
门 672 818 819 1784 1848 1851 2413 2506 2796 3012 3133 3477 3796 3797 3798 3962 5306 5307 5605 5830 5893 6048 6165 6491 7092 7548 7617 
闪 1438 1440 3606 
闭 36 3517 3518 5476 
问 394 449 2044 3009 3192 3308 4483 4637 4638 6508 7113 7114 
闯 3195 
闲 3102 4255 
间 34 768 790 3356 3545 4224 4378 4383 5465 5467 5592 5593 6527 6679 6833 
闸 5879 
闻 350 351 1365 1366 3701 
阅 6920 
阐 6236 
阔 380 3125 7393 7394 
阖 5228 
队 46 1535 2079 2081 2128 2129 2590 3422 4749 5707 5887 6144 6145 6146 6311 6462 7374 
防 641 929 930 3016 4625 5731 5839 6556 6580 6581 7245 7378 
阳 747 750 3096 4503 5949 
阴 727 
阵 1191 6242 
阶 696 697 2709 6915 7218 
阻 5929 6971 
阿 5503 5504 6154 
附 2186 
际 540 2445 2627 3763 4100 4219 4534 4558 4565 5117 5290 6116 6120 6188 6470 6563 6995 
陆 625 3550 3551 3578 5197 7160 
陈 8 985 3132 3241 3262 4321 4539 4812 4858 4974 5373 5729 6824 7184 
陌 6960 
降 2260 3903 4606 
限 42 510 1374 2363 2364 3352 4398 4402 6046 7645 
院 970 1042 1043 1075 1954 2599 2702 2925 2926 2927 3737 3754 3755 3947 3948 3953 3959 4140 4892 4893 5058 5477 5478 5979 6534 7019 7345 7350 
除 613 864 1657 1703 3673 3847 4994 6845 
险 556 558 722 3451 5843 
陪 6032 
陵 1845 
陷 2136 
隆 208 6905 
随 578 2565 4861 5026 5266 
隔 1709 3156 3519 6033 
隙 6704 
障 1685 2740 3688 4230 4236 7600 7606 
隶 4685 
隽 3734 
难 1077 1078 3750 3982 4461 4778 4870 4996 5813 5814 6241 6699 
雄 829 830 989 6937 
雅 5136 5587 5588 6021 
集 701 967 1087 1926 1996 2248 2444 2910 2911 3810 3854 4194 4197 4842 4843 4869 5312 5313 5328 5329 5332 6055 6056 
雇 4714 
雕 1203 1204 
雨 1812 1813 5545 5546 5837 5838 
雪 4987 
零 931 1562 5972 6537 7625 
需 2571 3182 3323 5825 6164 
震 1180 5115 5116 5576 7057 
霍 6094 
露 414 5022 6493 
霸 2331 
青 326 418 1929 1931 3603 3652 4077 4724 4755 4795 6087 6092 6093 6109 7203 7204 7304 
靓 2501 
靖 5700 
静 4621 
非 1016 1158 1290 3135 4264 4277 4480 4629 4985 5255 5535 6009 6323 6817 6818 
靠 573 6432 7649 
面 23 168 823 1045 1080 1095 1110 1548 1550 1588 2276 2620 2781 2982 3258 3259 3299 3503 4028 4045 4068 4069 4070 4878 5150 5760 5967 6012 6576 6605 7072 7611 7621 7622 
革 1735 1814 2063 2435 2883 2892 3408 6845 
鞍 2767 
韦 5248 
韧 5080 5826 
韩 2511 3660 
韬 7543 
音 223 3519 3608 5626 
韵 5662 
页 6414 6415 
顶 1222 1258 2676 2938 
项 262 648 809 857 866 975 1465 2854 3203 3309 3310 3724 3746 3928 4021 4086 4832 5767 5805 5964 6599 6641 6642 7526 
顺 479 1902 1903 5240 6324 
须 953 1160 4023 
顽 5079 
顾 3537 3538 4305 4637 4638 4995 5759 6226 6508 
顿 6682 
颁 3284 4617 4788 5676 5677 
预 364 1189 1879 2589 2590 3068 4322 4830 4831 5389 5391 5392 5718 5747 5859 5926 7436 
领 219 1621 1981 2298 2446 2728 3249 3347 4793 5514 5901 6253 
颈 3400 
频 1546 2835 2948 2949 5889 7164 
颖 1246 1247 5373 6143 6824 
颗 3330 3331 
题 394 883 884 1031 1863 2044 3308 4757 4996 6209 6216 6945 7091 7092 
额 3901 4341 4343 4402 5052 5748 5752 5773 6872 7502 
颠 5974 
风 722 1183 1205 1660 1812 1813 1831 2496 2805 2806 5114 5240 5843 6117 6168 6169 6170 6324 7059 
飞 1201 1732 2807 3506 3536 3587 6426 6427 6791 
食 3677 5770 5875 5876 6454 6456 
餐 718 4015 4316 6043 
饥 5839 
饭 4311 6683 
饮 718 719 4361 6043 6454 6456 
饰 5506 
饱 6850 
饼 5882 
馆 1026 1106 1133 1269 1331 1393 2206 4377 5049 6465 6473 6594 6596 6597 7038 
首 252 855 1011 2229 2867 3233 3237 3244 3610 3611 3612 4053 4315 4421 4594 4852 4907 5036 5207 5261 5623 5643 5792 5960 6965 7196 7601 7613 
香 3 229 335 904 1058 1318 1471 1961 3870 3877 3958 3960 3965 4652 5356 5961 6282 6284 6382 6789 7030 7386 7387 
马 248 839 840 1119 1120 1401 1403 2707 2767 5034 5102 6223 6224 6225 6535 6619 6846 
驰 6835 
驱 2895 
驳 7020 
驶 2256 7443 7444 
驻 439 1850 3248 4736 4745 6165 6320 7374 7521 7522 7579 
驾 2570 7443 7444 
骂 6011 
骅 3770 5248 
验 161 551 552 2195 2197 2608 2849 2850 3371 3437 5371 5411 6063 7361 7626 
骏 6762 6990 
骑 6794 
骨 2100 4763 6611 
高 66 387 1233 1830 1940 1971 2000 2009 2115 2117 2496 2513 2514 2515 2563 2578 2622 2660 2686 2734 2736 2778 2780 2882 2948 2949 3171 3216 3366 3368 3421 3447 3737 3931 3946 3948 3974 4192 4193 4218 4221 4222 4513 4664 4665 5136 5370 5690 5829 5895 5902 5995 6136 6206 6442 6787 6869 7019 7156 7262 7424 
魄 2880 
魅 2386 
魏 2836 2846 5288 
鱼 1654 1655 5598 
鲜 6299 
鳌 4848 
鸟 2658 3491 3505 3508 3521 
鸣 2587 3507 
鸿 6477 6478 6560 7303 
鹤 7657 
鹭 3505 
鹰 5513 
麟 6485 
黄 503 1699 1887 2104 2797 5282 5539 5540 5907 6645 6904 7357 
黎 963 999 5612 
黑 1991 6390 6624 
黔 3580 
默 1102 5504 
黛 5559 
黝 6624 
鼎 1214 2920 2921 
鼓 417 1230 6767 6768 
齐 825 826 4411 6860 
龄 1714 1715 1775 6518 6560 6633 
龙 4245 4246 5327 5596 5599 5600 5885 5886 5940 5941 
！ 2022 
（ 6 
） 9 
＋ 2644 
， 22 
： 699 
； 44 
？ 1154 
